6330 7178 5052
2629 6177 8582
5315 9301 1549
5315 9301 1549 
5315 9301 1549
5315 9301 1549 
5315 9301 1549
5315 9301 1549
5315 9301 1549 
5315 9301 1549
5315 9301 1549
5315 9301 1549
5315 9301 1549
5315 9301 1549
5315 9301 1549
5315 9301 1549
5315 9301 1549
5315 9301 1549 
5315 9301 1549
5315 9301 1549
5315 9301 1549
5315 9301 1549
5315 9301 1549
5315 9301 1549
5315 9301 1549
5315 9301 1549
5315 9301 1549
5315 9301 1549
5315 9301 1549 
5315 9301 1549 
3570 3983 7657 
3579 3983 7657
3570 3983 7657 
3570 3983 7657
3570 3983 7657
3570 3983 7657
3570 3983 7657 3570 3983 7657
3570 3983 7657 
3570 3983 7657 
3570 3983 7657
3570 3983 7657
3570 3983 7657 
3570 3983 7657 
3570 3983 7657
3570 3983 7657
3570 3983 7657
3570 3983 7657
3570 3983 7657
3570 3983 7657
3570 3983 7657
3570 3983 7657 
3570 3983 7657
3570 3983 7657
3570 3983 7657
3570 3983 7657
3570 3983 7657
3570 3983 7657
3570 3983 7657
3570 3983 7657 
3570 3983 7657
3570 3983 7657
9885 1411 2405 
9885 1411 2405
9885 1411 2405 
9885 1411 2405 
9885 1411 2405 
9885 1411 2405
9885 1411 2405 
9885 1411 2405 
9885 1411 2405 
9885 1411 2405
9885 1411 2405 
9885 1411 2405
9885 1411 2405
9885 1411 2405
9885 1411 2405
9885 1411 2405 
9885 1411 2405 
9885 1411 2405 
9885 1411 2405 
9885 1411 2405 
9885 1411 2405 
9885 1411 2405 
9885 1411 2405 
9885 1411 2405
9885 1411 2405 
9885 1411 2405
9885 1411 2405
9885 1411 2405
9885 1411 2405 
9885 1411 2405 
9885 1411 2405
9885 1411 2405
6350 7178 5052
2629 6177 8582
5315 9301 1549
2641 7449 9006
2641 7449 9006
2641 7449 9006
2641 7449 9006
2641 7449 9006
2641 7449 9006
2641 7449 9006
2641 7449 9006
2641 7449 9006
2641 7449 9006
3570 3983 7657
3570 3983 7657
3570 3983 7657
9885 1411 2405
9885 1411 2405
9885 1411 2405 
9885 1411 2405 
6350 7178 5052
2629 6177 8582
5315 9301 1549
2641 7449 9006
3570 3983 7657
9885 1411 2405
6350 7178 5052
2629 6177 8582
5315 9301 1549
2641 7449 9006
3570 3983 7657 
9885 1411 2405
6350 7178 5052 
2629 6177 8582 
5315 9301 1549 
2641 7449 9006
3570 3983 7657
9885 1411 2405
6350 7178 5052 
6350 7178 5052 
2629 6177 8582 
5315 9301 1549
2641 7449 9006
3570 3983 7657
9885 1411 2405
6350 7178 5052
2629 6177 8582
5315 9301 1549
2641 7449 9006
3570 3983 7657
9885 1411 2405
6350 7178 5052
2629 6177 8582
5315 9301 1549
2641 7449 9006
3570 3983 7657
9885 1411 2405
6350 7178 5052 
2629 6177 8582 
5315 9301 1549
2641 7449 9006
3570 3983 7657
9885 1411 2405
6350 7178 5052 
2629 6177 8582
5315 9301 1549
2641 7449 9006 
3570 3983 7657 
9885 1411 2405
9079158440 9050116370
7878532395
9991802199
8818060502
8356991046
7340255424 9991776443 9821
482917365104 
731605928417
195384726501
864219573608
520741936285
317905482716
946182735049
683527104936
251694837520
709318465271
709318465271
482917365104 
731605928417
195384726501
864219573608
520741936285
317905482716
946182735049
683527104936
251694837520
709318465271
482917365104
731605928417
195384726501
834219573608
520741936285
317905482716
946182735049
683527104936
251694837520
709318465271
482917365104
731605928417
195384726501
864219573608
520741936285
317905482716
946182735049
683527104936
251694837520
7709318465271
482917365104
731605928416
195384726501 
864219573608
520741936285
317905482716
946182735049
683527104936
251694837520
709318465271
482917365104
731605928417
195384726501
854219573608
520741936285 
317905482716
946182735049
783527104936
25169487520
709318465271
482917365104
7316-5928417
195384726501
864219573608
520741936285
317905482716
946182735049
683527104936
251694837520
709318465271
482917365104
731605928417
195384726501
864219573608
520741936285
317905482716
946182735049
68352704936
251694837520
709318465271
482917365104
731605928417
195384726501
864219573608
520741936285
317905482716
946182735049
683527104936
251694837520
709318465271
482917365104 
731605928417
195384726501
867219573608
520741936285
317905482716
946182735049
683527104936
251694837520
709318465271
ABCDE1234F
QWERTY9876P
ZXCVB4567K
LMNOP1234R
ASDFG5678T
HJKLPQ012M
BNMVC3456Q
POIUY7890L
GHKL2345S
TYUI0689N
ABCDE1234F
QWERTY9876P
ZXCVB4567K
LMNOP1234R
ASDFG5678T
HJKLPQ012M
BNMVC3456Q
POIUY7890L
GHKL2345S
TYUI0689N
QZTPK7394M
LXRNV5827D
HMWQC9163R
VKJSD40850
TRXLF5629K
NZWPM1538Z
BXRHC8052V
YKTGF2946L
CVMRQ7315T
PJXWN4682H
RDKZV9507C
GQHLM3164S
WNFTR8275J
XKCPD6093M
MVZQS1748B
GTRXL5830Q
KJWPF92613E
ZNCVG4057M
FQXRDI126K
LPMTS356U9V
QXTPK7394M
LXRNV5827DGMWQC9163R
VKJSD4085P
TRXLF6729K
NQWPM1538Z
BXRHC8052V
YKTGF2946L
CVMRW7315T
PJXWN4682H
RDKZV9507C
GHKL2345S
GQHLM3164S
WNFTR8275J
XKCPD6092N
MVZQS1748B
HTRXL5830Q
KJWPF92613E
ZNCVG4056M
FQXRDI126
FQXRD8126K
LPMTS3679V
QZT0K7394M
LXRNV5827D
HMWQC9163R 
VKJSD408500 
TRXLF6729K 
NXWPM1538Z
BXRHC8052V
YKTGF2946L
CVMR17315T
PJXWN4682H 
RDKZV9507C
GQHLM3164S
WNFTR8275J 
XKCPD7092N 
MVZQS1748B
HTRXL5830Q
KJWPF92613E
ZNCVG4057M 
FQXRD8126K
LPMTS3679V
83947261502836491752
570193846275918330467
92846175029361758403
46182739504821693750
7150392846170293846
38274619058372461509
90461738295047162835
62750193846172059384
18395027461839502746
75028461930572846193
839104726581930475216
57028462181920475216
570284619375018462903
918273640581926374051
462819305748216093857
73019462503917462815
285617903846201957384
839104726581930475216
56028461930475215
570284619365018462903
918273640581926374051
462819305748215093857
7230194628503917462815
2856179038462201957384
8394726150286491752
57019384627591830467
92846175029361758403
461827395048216983750
71503928461750293846
38274619058372461509
906190583671461509
90461738295047162835
