                       4 5 3 7 6 8 (3 hours)

4 5 3 7 6 8 
4 5 3 7 6 8 
4 5 3 7 6 8 
4 5 3 7 6 8 
4 5 3 7 6 8 
4 5 3 7 6 8 
4 5 3 7 6 8 
4 5 3 7 6 8 
4 5 3 7 6 8 
4 5 3 7 6 8 
4 5 3 7 6 8 
4 5 3 7 6 8 
4 5 3 7 6 8 
4 5 3 7 6 8 
4 5 3 7 6 8 
4 5 3 7 6 8 
4 5 3 7 6 8 
4 5 3 7 6 8 
4 5 3 7 6 8  
4 5 3 7 6 8 
4 5 3 7 6 8 
4 5 3 7 6 8 
4 5 3 7 6 8 
4 5 3 7 6 8 
4 5 3 7 6 8 
4 5 3 7 6 8 
4 5 3 7 6 8 
4 5 3 7 6 8 
4 5 3 7 6 8 
4 5 3 7 6 8 
4 5 3 7 6 8 
4 5 3 7 6 8 
4 5 3 7 6 8 
4 5 3 7 6 8 
4 5 3 7 6 8 
4 5 3 7 6 8 
4 5 3 7 6 8 
4 5 3 7 6 8 
4 5 3 7 6 8 
4 5 3 7 6 8 
4 5 3 7 6 8 
4 5 3 7 6 8 
4 5 3 7 6 8 
4 5 3 7 6 8 
4 5 3 7 6 8 
4 5 3 7 6 8 
4 5 3 7 6 8 
4 5 3 7 6 8  
4 5 3 7 6 8 
4 5 3 7 6 8 
4 5 3 7 6 8 
4 5 3 7 6 8 
4 5 3 7 6 8 
4 5 3 7 6 8 
4 5 3 7 6 8 
4 5 3 7 6 8 
4 5 3 7 6 8 
4 5 3 7 6 8 
4 5 3 7 6 8 
4 5 3 7 6 8 
4 5 3 7 6 8 
4 5 3 7 6 8 
4 5 3 7 6 8 
4 5 3 7 6 8 
4 5 3 7 6 8 4 5 3 7 6  8   4 5 3 7 6 8 4 5 3 7 6 8 4 5 3  7 6 8 4 5 3 7 6 8 4 5 3 7 6 8 4 5 3 7 6 8 4 5 3 7 6 8 4 5 3 7 6 8 4 5 3 7 6 8 4 5 3 7 6 8 4 5 3 7 6 8 4 5 3 7 6 8 
4 5 3 7 6 8 4 5 3 7 6 8 4 5 3 7 6 8 4 5 3 7 6 8 4 5 3 7 6 8 4 5 3 7 6 8 4 5f 3 4 5 7 6 8 4 5 3 7 6 8 4 5 3 7 6 8 4 5 3 7 6 8 4 5 3 7 6 8 4 5 3 7 6 8 d4 5 3 7 6 8 4 5 3 7 6 8 4 f5 3 7 6 8 4 5 3 7 6 8 4 5 3 7  6 8 4 5 3 7 6 8 4 5 3 7 6 8 4 5 3 7 6 8 4 5 3 7 6 8 4 5 3 7 6 8 4 5 3 7 6 8  5 4 5 3 7 6 8 4 5 3 7 6 3 4 5 3 7 6 8 4 5 3 7 6 8 4 5 3 7 6 8 4 5 3 7 6 8 4 5 3 7 6 8 4 5 3 7 6 8 4 5 3 7 6 8 4 5 3 7 6 8   4 5 3 7 6 8 4 5 3 7 6 8 4 5 3 8 7 6 8 4 5 3  7 6 8 4 5 3 7 6 8 4 5 3 7 68 4 5 3 7i 6 8 4 5 3 7 6 8 4 5 3 7 68 45 3 7 6 8 4 5 3 7 6 8 4 5 3  7 6 8 7 6 8 7 6 8 4 5 3 7 6 8 4 5 3 7 6 8 4 5 3 7  6 8 4 5 3 7 6 8 4 5 3 7 6 8 4 5 3 7 6 8 4 5 3 7 6 8 4 5 3 7 6 8 4 5 3 7 6 8 4 5 3 7 6 8 4 5 3 7 6 8 4 5 3 7 6 8 4 5 3 7 6 8 4 5 3 7 6 8 4 5 3 7 6 8 4 5 3 7 6 8 4 5 3 7 6 8 4 5 3 7 6 8 4 5 3 7 6 8 4 5 37 6 8 7 6 8 4 5 3 7 6 8 4 5 3 7 6 8 4 5 3 7 6 8 4 5 3 7 6 8 4 5 3 7 6 8 4 5 3 7 6 8 4 5 3 7 6 8 4 5 3 7 6 8 4 5 3 7 86 8 4 5 3 7 6 8 4 5 3 7 6 8 4 5 3 7 6 8 4 5 3 5 7 6 8 4 5 3 7 6 8  4 5 3 7 6 8 4 5 3 7 6 8 4 5 3 7 6 8 4 5 3 7 6 8 4 5 3 7 6 8 4 5 3 7 6  8 4 5 3 7 6 8 4 5 3 7 6 8 4 5 3 7 6 8 4 5 3 7 6 8 4 5 3 7 6 8 4 5 3 7 6 8 4 5 3 7 6 8 4 a5 3 7 6 8 4 5 3 7 6 8 4 5 3 7 6 8 4 5 3 7 6 8 4 5 3 7 6 8 4 5 3 4 5 7 6 8 4 5 3 7 6 8 4 53 7 6 8 4 5 3 7 6 8 4 5 3 7 6 8 4 5 3 7 6 8 4 5 3 7 6 8 4 5 3 7 6 8 4 5 3 7 6 8 4 5 3 7 6 8 4 5 3 7 6 8 4 53 7 86 8 4 5 3 7 6 8 4 5 3 7 6 8 4 5 3 7 6 8 4 6 3 4 5 3 7 6 8 4 5 3 7 6  8 4 5 3 7 6 8 4 5 3 7 6 8 4 53 7 6 8 4 5 3 7 6 8 4 5 3 7 6  8 4 5 3 7 6 8 4 5 3 7 6 8 4 5 3 7 6 8 4 5 3 7 6  8 4 5 3 7 6 8 4 5 3 7 6 8 4 5 3 7 6 8 4 5 3 7 6 8 4 5 3 7 6 8 4 5 3 7 6 8  4 5 3 7 6 3 4 5  7 6 8 4 5 3 7 6 8 4 5 3 7 6 8 r 4 5 3 7 6 8 4 5 3 7 6 8 4 5 3 7 6 8 4 5 3  7 6 8 4 5 3 7 6 8 4 5 3 7 6 8 4 5 3 7 6 8  4 5 3 7 6 8 4 5 3 7 6 8 4 5 3 7 6 8 4 5 3 7 6 3 8 4 5 3 7 6 8 3 4 5 3 7 6 8 4 5 3  7 6 8 4 5 3 7 6 8 4 5 3 7 6 8 4 5 3 7 6 8 4 5 3 6 7 6 8 3 4 5 3 6 6 7 6 8 3 4 5 3 7 6 8 4 5 3 7 6 8 4 5 3 7 6 8 4 5 3 7 6 8 4 5 3 7 6 8 3 4 5 3 7 6 8 4 5 3 7 6 8 4 5 3 7 6 8 3 4 5 3 7 6 8 4 5 3 7 6 8 4 5 3 7 6 8 3  4 5 3 7 6 8 4 5 3 7 6 8 4 5 3 7 6 8 4 5 3 7 6 8 4 5 3 7 6 8 4 5 3 7 6 8 4 5 3 7 6  8 4 5 3 7 6 8 4 5 3 7 6 8 4 5 3 7 6 8 4 5 3 7 6 8 4 5 3 7 6 8 4 5 3 7 6 8 4 5 3 7 6 8 4 5 3 7 6 8 5 4 5 3 7 6 8 4 5 3 7 6 8 4 5 3 7 6  8 4 5 3 7 6 8 4 3 4 5 3 7 6 8 4 5 3 7 6 8 4 5 3 7 6 8 4 5 3  6 7 6 8 4 5 3 7 6 8 4 5 3 7 6 8 4 5 3 7 6 8 4 5 3 7 6 8 4 5 3 7 6 8 4 5 3 7 6 8 4 5 3 7 6 8 4  5 3 8 7 6 8 4 5 3 7 6 8 4 5 3  7 6 8 4 5 3 7 6 8  4 5 3 7 6 8 4 5 3 7 6 8 4 5 3 7 6 8 4 5 3 7 6 8 4 5 3 7 6 8 4 5 3 7 6 8 4 5 3 7 6  8 4 5 3 7 6 8 3 4 5 3 7 6 8 4 5 3 7 6 8 4 5 3 7 6 8 4 5 3 7 6 8 4 5 3 7 6 8 4 5 3 7 6 8 4 5 3 7 6 8 4 5 3 7 6 8 4 5 3 7 6 8 4 5 3 7 6 8 4 5 3 7 6 8 4 5 3 7 6 8 4 5 3 7 6 8 4 5 3 7 6 8 4 5 3 7 6 8  4 5 3 7 6 8 4 5 3 7 6 8 4 5 3 7 6 8 4 5 3 7 6 8 4 5 3 7 6 8 4 5 3 7 6 8 4 5 3 7 6 8 4 5 3 7 6 8 4 5 3 7 6 8 4  5 3 6 7 6 8 4 5 3 7 6 8 4 5f 3 7 6 8 4 5 3 7 6 8 4 5 3 4 3 5 7 6 8 4 3 4 5 7 6 8 4 5  4 5 3 7 6 8 4 5 3 7 6 8 4 5 3 7 6 8 4 5 3 7 6 8 4 5 3 7 6 8 4 5 3  7 6 8 4 5 3 7 6 8 4 5 3 7 6 8 4 5 3 7 6 8 4 5 3 4 5 3 7 6 8 4 5 33 7 6 8 4 5 3 7 6 8 4 5 3 7 6 8 4 5 3 7 6 8 4 5 3 7 6 8 4 5 3 7 6 8 4 5 3 7 6 8 4 5 3 7 6 8 4 5 3 7 6  8 4 5 3 7 6  8 4 5 3 7 6 8 4 5 3 7 6 8 4 5 3 7 6 8 4 5 3 7  6 8 4 5 3 7 6 8  4 5 3 7 6 8 4 5 3 7 6 8 4 5 3 7  6 8 f 4 5 44444 555 3 4 5 3 7 6 8 4 53 7 6 8 4 5 3 7 6 8 4 5 3 7 6 8 4 3 4 5 3 7 6 8 4 5 3 7 6 8 4 5 3 7 6 8 4 5 3 7 6 8  4 5 3 7 6 8 4 53 4 5 3 7 6 8 4 5 3 7 6 8 4 5 3 7 6 8 4 5 3 7 6 8 4 5 3 7 6 8 4 5 3 7 6 8 4 5 3 7 6 8 4 5 3 7 6 8 4 5 3 7 6 8 4 5 3 7 6 8 4 5 3 7 6 8  4 5 3 7 6 8 j4 5 3 7 8 6 76 8 4 5 3 7 6 8 4 53 7 6 8 4 5 3 7 6 8 4 3 4 5 3 7 6 8 4 5 3 7 6 8 4 5 3 7 6 8 4 5 3 7 6 8 4 5 3 7 6 8 4 5 3 7 6 8 4 5 3 7 6 8 4 5 3 7 6 8 4 5 3 7 6 8 4 5 3 7 6 8 4 5 3 7 6 8 4 5 3 7 6 8 4 5 3 7 6 8 4 5 3 7 6 8  4 4 4 5 3 7 6 8 j4 5 3 7 6 8 4 5 3 ;7 6 8 4 5 3 7 6 8 4 f5 3 7 6 8 4 5 3 7 6 8 4 5 3 7 6 8 4 5 3 7 6 8 4 5 3 7 6 8 4 5 3 7 6 8 4 5 3 7 6 8 5 4 5 3 7 6 8 4 5 3 7 6 8 4 5 3 7  6 8 4 5 3 7 6  8 4 5 3 7 6 8 4 5 3 7 6 8 4 5 3 7 6 8 4 5 3 77 6 8 6 4 5 3 7 6 8 4 5 3 7 6 8 4 5 3 7 6 8 4  3 6 5 7 6 84 5 3 7 6 8 4 5 3 7 6 8 4 5 3 7 6 8 4 5 3 7 6 8 4 5 3 7 6  8  4 5 3 7 6 8 4 5 3 7 6 8 4 5 3 7 6 8 4 5 3 7 6 8 4 5 3 7 6 8 4 5 3 7 6 8 4 5 3 7 6 8 4 5 3 7 6 8 4 5 3 7 6 8 4 5 3 7 6 8 4 5 3 7 6 8 4 5 3 7 6 8 4 5 3 7 6 8 4 5 3 7 6 8 4 5 3 7 6 8 4 5 3 7 6 8 4a 5 4 53 7 6 8 4 5 3 7 6 8 7 6  8 7 6 8 7 66 8 6 6 6 6 6 6 6 7 6 8 4 5 3 7 6 8 4 5 3 7 6 8 4 5 3 7 6 8 5 4 3 4 5 3 7 6 8 4 5 3 7 6 8 4 5 3 7 6 8 4 5 3 7 6 8  4 5 3 7 6 8 4 5 3 7 6 8 4 5 3 7 6 8 4 5 3 7  8 7 6 84  5 3 7 6 8 4 5 3 7 6 8 4 5 3 7 6 8 4 5 3 77 6 8 4 5 3 7 6 8 4 5 3 7 6 8 4 53 7 68 4 5 3 7 6 8 4 53 7 6 8 4 5 3 7 6 8 4 5 3 7 6 8 4 5 3 7 6 8 4 53 7 6 8 4 5 3 7 6 8 4 5 3 7 6 8 4 5 3 7 6 8 4  5 3 7 6 8 4 5 3 7 6 8 4 5 3 7 6 8 4 5 3  7 6  8 4 5 3 7 6 8 4 5 3 7 6 8 4 5 3 7 6 8 4 5 3 7 6 8 
4 5 3 7 6 8 4 5 3 7 6 8 4 5 3 7 6 8 4 5 3 7 6 8 4 5 3 7 6 8 4 5 3 7 6 8 4 5f 3 4 5 7 6 8 4 5 3 7 6 8 4 5 3 7 6 8 4 5 3 7 6 8 4 5 3 7 6 8 4 5 3 7 6 8 d4 5 3 7 6 8 4 5 3 7 6 8 4 f5 3 7 6 8 4 5 3 7 6 8 4 5 3 7  6 8 4 5 3 7 6 8 4 5 3 7 6 8 4 5 3 7 6 8 4 5 3 7 6 8 4 5 3 7 6 8 4 5 3 7 6 8  5 4 5 3 7 6 8 4 5 3 7 6 3 4 5 3 7 6 8 4 5 3 7 6 8 4 5 3 7 6 8 4 5 3 7 6 8 4 5 3 7 6 8 4 5 3 7 6 8 4 5 3 7 6 8 4 5 3 7 6 8   4 5 3 7 6 8 4 5 3 7 6 8 4 5 3 8 7 6 8 4 5 3  7 6 8 4 5 3 7 6 8 4 5 3 7 68 4 5 3 7i 6 8 4 5 3 7 6 8 4 5 3 7 68 45 3 7 6 8 4 5 3 7 6 8 4 5 3  7 6 8 7 6 8 7 6 8 4 5 3 7 6 8 4 5 3 7 6 8 4 5 3 7  6 8 4 5 3 7 6 8 4 5 3 7 6 8 4 5 3 7 6 8 4 5 3 7 6 8 4 5 3 7 6 8 4 5 3 7 6 8 4 5 3 7 6 8 4 5 3 7 6 8 4 5 3 7 6 8 4 5 3 7 6 8 4 5 3 7 6 8 4 5 3 7 6 8 4 5 3 7 6 8 4 5 3 7 6 8 4 5 3 7 6 8 4 5 3 7 6 8 4 5 37 6 8 7 6 8 4 5 3 7 6 8 4 5 3 7 6 8 4 5 3 7 6 8 4 5 3 7 6 8 4 5 3 7 6 8 4 5 3 7 6 8 4 5 3 7 6 8 4 5 3 7 6 8 4 5 3 7 86 8 4 5 3 7 6 8 4 5 3 7 6 8 4 5 3 7 6 8 4 5 3 5 7 6 8 4 5 3 7 6 8  4 5 3 7 6 8 4 5 3 7 6 8 4 5 3 7 6 8 4 5 3 7 6 8 4 5 3 7 6 8 4 5 3 7 6  8 4 5 3 7 6 8 4 5 3 7 6 8 4 5 3 7 6 8 4 5 3 7 6 8 4 5 3 7 6 8 4 5 3 7 6 8 4 5 3 7 6 8 4 a5 3 7 6 8 4 5 3 7 6 8 4 5 3 7 6 8 4 5 3 7 6 8 4 5 3 7 6 8 4 5 3 4 5 7 6 8 4 5 3 7 6 8 4 53 7 6 8 4 5 3 7 6 8 4 5 3 7 6 8 4 5 3 7 6 8 4 5 3 7 6 8 4 5 3 7 6 8 4 5 3 7 6 8 4 5 3 7 6 8 4 5 3 7 6 8 4 53 7 86 8 4 5 3 7 6 8 4 5 3 7 6 8 4 5 3 7 6 8 4 6 3 4 5 3 7 6 8 4 5 3 7 6  8 4 5 3 7 6 8 4 5 3 7 6 8 4 53 7 6 8 4 5 3 7 6 8 4 5 3 7 6  8 4 5 3 7 6 8 4 5 3 7 6 8 4 5 3 7 6 8 4 5 3 7 6  8 4 5 3 7 6 8 4 5 3 7 6 8 4 5 3 7 6 8 4 5 3 7 6 8 4 5 3 7 6 8 4 5 3 7 6 8  4 5 3 7 6 3 4 5  7 6 8 4 5 3 7 6 8 4 5 3 7 6 8 r 4 5 3 7 6 8 4 5 3 7 6 8 4 5 3 7 6 8 4 5 3  7 6 8 4 5 3 7 6 8 4 5 3 7 6 8 4 5 3 7 6 8  4 5 3 7 6 8 4 5 3 7 6 8 4 5 3 7 6 8 4 5 3 7 6 3 8 4 5 3 7 6 8 3 4 5 3 7 6 8 4 5 3  7 6 8 4 5 3 7 6 8 4 5 3 7 6 8 4 5 3 7 6 8 4 5 3 6 7 6 8 3 4 5 3 6 6 7 6 8 3 4 5 3 7 6 8 4 5 3 7 6 8 4 5 3 7 6 8 4 5 3 7 6 8 4 5 3 7 6 8 3 4 5 3 7 6 8 4 5 3 7 6 8 4 5 3 7 6 8 3 4 5 3 7 6 8 4 5 3 7 6 8 4 5 3 7 6 8 3  4 5 3 7 6 8 4 5 3 7 6 8 4 5 3 7 6 8 4 5 3 7 6 8 4 5 3 7 6 8 4 5 3 7 6 8 4 5 3 7 6  8 4 5 3 7 6 8 4 5 3 7 6 8 4 5 3 7 6 8 4 5 3 7 6 8 4 5 3 7 6 8 4 5 3 7 6 8 4 5 3 7 6 8 4 5 3 7 6 8 5 4 5 3 7 6 8 4 5 3 7 6 8 4 5 3 7 6  8 4 5 3 7 6 8 4 3 4 5 3 7 6 8 4 5 3 7 6 8 4 5 3 7 6 8 4 5 3  6 7 6 8 4 5 3 7 6 8 4 5 3 7 6 8 4 5 3 7 6 8 4 5 3 7 6 8 4 5 3 7 6 8 4 5 3 7 6 8 4 5 3 7 6 8 4  5 3 8 7 6 8 4 5 3 7 6 8 4 5 3  7 6 8 4 5 3 7 6 8  4 5 3 7 6 8 4 5 3 7 6 8 4 5 3 7 6 8 4 5 3 7 6 8 4 5 3 7 6 8 4 5 3 7 6 8 4 5 3 7 6  8 4 5 3 7 6 8 3 4 5 3 7 6 8 4 5 3 7 6 8 4 5 3 7 6 8 4 5 3 7 6 8 4 5 3 7 6 8 4 5 3 7 6 8 4 5 3 7 6 8 4 5 3 7 6 8 4 5 3 7 6 8 4 5 3 7 6 8 4 5 3 7 6 8 4 5 3 7 6 8 4 5 3 7 6 8 4 5 3 7 6 8 4 5 3 7 6 8  4 5 3 7 6 8 4 5 3 7 6 8 4 5 3 7 6 8 4 5 3 7 6 8 4 5 3 7 6 8 4 5 3 7 6 8 4 5 3 7 6 8 4 5 3 7 6 8 4 5 3 7 6 8 4  5 3 6 7 6 8 4 5 3 7 6 8 4 5f 3 7 6 8 4 5 3 7 6 8 4 5 3 4 3 5 7 6 8 4 3 4 5 7 6 8 4 5  4 5 3 7 6 8 4 5 3 7 6 8 4 5 3 7 6 8 4 5 3 7 6 8 4 5 3 7 6 8 4 5 3  7 6 8 4 5 3 7 6 8 4 5 3 7 6 8 4 5 3 7 6 8 4 5 3 4 5 3 7 6 8 4 5 33 7 6 8 4 5 3 7 6 8 4 5 3 7 6 8 4 5 3 7 6 8 4 5 3 7 6 8 4 5 3 7 6 8 4 5 3 7 6 8 4 5 3 7 6 8 4 5 3 7 6  8 4 5 3 7 6  8 4 5 3 7 6 8 4 5 3 7 6 8 4 5 3 7 6 8 4 5 3 7  6 8 4 5 3 7 6 8  4 5 3 7 6 8 4 5 3 7 6 8 4 5 3 7  6 8 f 4 5 44444 555 3 4 5 3 7 6 8 4 53 7 6 8 4 5 3 7 6 8 4 5 3 7 6 8 4 3 4 5 3 7 6 8 4 5 3 7 6 8 4 5 3 7 6 8 4 5 3 7 6 8  4 5 3 7 6 8 4 53 4 5 3 7 6 8 4 5 3 7 6 8 4 5 3 7 6 8 4 5 3 7 6 8 4 5 3 7 6 8 4 5 3 7 6 8 4 5 3 7 6 8 4 5 3 7 6 8 4 5 3 7 6 8 4 5 3 7 6 8 4 5 3 7 6 8  4 5 3 7 6 8 j4 5 3 7 8 6 76 8 4 5 3 7 6 8 4 53 7 6 8 4 5 3 7 6 8 4 3 4 5 3 7 6 8 4 5 3 7 6 8 4 5 3 7 6 8 4 5 3 7 6 8 4 5 3 7 6 8 4 5 3 7 6 8 4 5 3 7 6 8 4 5 3 7 6 8 4 5 3 7 6 8 4 5 3 7 6 8 4 5 3 7 6 8 4 5 3 7 6 8 4 5 3 7 6 8 4 5 3 7 6 8  4 4 4 5 3 7 6 8 j4 5 3 7 6 8 4 5 3 ;7 6 8 4 5 3 7 6 8 4 f5 3 7 6 8 4 5 3 7 6 8 4 5 3 7 6 8 4 5 3 7 6 8 4 5 3 7 6 8 4 5 3 7 6 8 4 5 3 7 6 8 5 4 5 3 7 6 8 4 5 3 7 6 8 4 5 3 7  6 8 4 5 3 7 6  8 4 5 3 7 6 8 4 5 3 7 6 8 4 5 3 7 6 8 4 5 3 77 6 8 6 4 5 3 7 6 8 4 5 3 7 6 8 4 5 3 7 6 8 4  3 6 5 7 6 84 5 3 7 6 8 4 5 3 7 6 8 4 5 3 7 6 8 4 5 3 7 6 8 4 5 3 7 6  8  4 5 3 7 6 8 4 5 3 7 6 8 4 5 3 7 6 8 4 5 3 7 6 8 4 5 3 7 6 8 4 5 3 7 6 8 4 5 3 7 6 8 4 5 3 7 6 8 4 5 3 7 6 8 4 5 3 7 6 8 4 5 3 7 6 8 4 5 3 7 6 8 4 5 3 7 6 8 4 5 3 7 6 8 4 5 3 7 6 8 4 5 3 7 6 8 4a 5 4 53 7 6 8 4 5 3 7 6 8 7 6  8 7 6 8 7 66 8 6 6 6 6 6 6 6 7 6 8 4 5 3 7 6 8 4 5 3 7 6 8 4 5 3 7 6 8 5 4 3 4 5 3 7 6 8 4 5 3 7 6 8 4 5 3 7 6 8 4 5 3 7 6 8  4 5 3 7 6 8 4 5 3 7 6 8 4 5 3 7 6 8 4 5 3 7  8 7 6 84  5 3 7 6 8 4 5 3 7 6 8 4 5 3 7 6 8 4 5 3 77 6 8 4 5 3 7 6 8 4 5 3 7 6 8 4 53 7 68 4 5 3 7 6 8 4 53 7 6 8 4 5 3 7 6 8 4 5 3 7 6 8 4 5 3 7 6 8 4 53 7 6 8 4 5 3 7 6 8 4 5 3 7 6 8 4 5 3 7 6 8 4  5 3 7 6 8 4 5 3 7 6 8 4 5 3 7 6 8 4 5 3  7 6  8 4 5 3 7 6 8 4 5 3 7 6 8 4 5 3 7 6 8 4 5 3 7 6 8 4 5 3 7 6 8 4 5 3 7 6 8 4 35 3 7 6 8 4 5 3 7 6 8 4 5 3 7 6 8 4 5 3 7 6 8 4 5 3 7 6 8 4 5 3 7 6 8 4 5 3 7 6 8 4 5 3 7 6 8 4 5 3 7 6 8 4 5 3 7 6 8 4 5 3 7 6 8 4 5 3 7 6 8 4 5 3 7 6 8 4 5 3 7 6 8 4 5 3 7 6 8 4 5 3 7 6 8 4 5 3 7 6 8 4 5 3 7 6 8 4 5 3 7 6 8 4 5 3  7 6 8 4 5 3 7 6 8 4 5 3 7 6 8 4 5 3 7 6  8 4 5 3 7 6 8 4 5 3 7 6 8 4 5 3  7 6 8 4 5 3 7 6 8 4 5 3 77 6 8 4 5 3 7 6 8 4 5 3 7 6 8 4 5 3 7 6 8 4 5 3 7 6 8 4 5 3 7 6 8 4 5 3 7 6 8 4 5 3 7 6 8 4 5 3 7 6 8 4 5 3 7 6 8 4 5 3  7 6 8 4 5 3 7 6 8 4 5 3 7 6 8 4 5 3 7 6 8 4 5 3 7 6 8 4 5 3 7 6 8 4 5 3 7 6 8 4 5 3 7 6  8 4 5 3 7 6 8 4 5 3 7 6 8 4 5 3 7 6 8 4 5 3 7 6 8 4 5 3 7 6 8 4 5 3 7 6 8 4 5 3 7 6 8 4 5 3 7 6 8 4 5 3 7 6 8 4 5 3 7 6 8 4 5 3 7 6 8 4 5 3 7 6 8 4 5 3 7 6 8 4 5 3 7 6 8 4 5 3 7 6 8 4 5 3 7 6 8 4  5 3 7 6 8 3 4 5 3  7 6 8 4 5 3 7 6 8 5 5 3 4 5 3 7 6 8 4 5 3 7 6 8 4 5 3 7 6 8 4 5 3 7 6 8 4 5 3 7 6 8 4 5 3 7 6 8 4 5 3 7 6 8 4 5 3 7 6 8 4 5 3 7 6 8 4 5 3 7 6 8 4 5 3 7 6 8 4 5 3 7 6 8 4 t 3 4 5 3 7 6 8 4 5 3 7 6 8  4 5 3 8 7 6  8 4 5 3 7 6 8 4 5 3 7 6 8 4 5 3 7 6 8 4 5 3 7 6 8 4 5 3 7 6 8 4 5 3 7 6 8 4 5 3 7 6 8 4 5 3 7 6 8 4 5 3 7 6 8 4 5 3 7 6 8 4l 5 38 7 6 8 4 5 3 7 6 88 4 5 3 7 6 8 4 5 3 7 6 8 4 5 3 7 6 8 4 5 3 7 6 8 3 4 5 3 7 6 8 4 5 3 7 6 8 4 5 3 7 6 8 4 5 3 7 6 8 4 5 3 7 6 8 4 5 3 7 6 8 4 5 3 7 6 8 4 5 3 7 6 8 4 5 3 7 6 8 4 5 3 7 6 8 4 5 3 7 6 8 4 5 3 7  6 8 4 5 3 7 6 8 4 5 3 7 6 8 4 5 3 7 6 8 4 5 3 7 6 8 4 5 3 7 6 8 4 5 3 7 6 8 4 5 3 7 6 8 4 5 3 7 6 8 4 5 3 7 6 8 4 5 37 6 8 4 5 3 7 6 8 4 5 3 7 6 8 4 5 3 67 6 8 4 5 3 7 6 8 4 5 3 7 6 8 4 5 3 7  8 4 5 3 7 6 8 6 4 5 3 7 6 8 4 5 3 7 6  8 4 5 3 7 6 8 4 5 3 7  6 8 4 5 3 7 6 8 4 5 3 7 6 8 4 5 3 7 6 8 4 5 3 7 6 8 4 5 3 7 6 8 4 5 3 7  6 8 4 5 3 7 6 8 4  5 3 7 6 88 4 5 3 7 6 8 4 5 3 7 6 8 4 5 3 7 66 8 4 5 3 7 6 8 4 5 3 7 6 8 4 5 3 7 6 8  5 3 4 5 3 7 6 8 4 5 3 7 6 8 4 5 3  7 6 8 4 5 3 7 6 8 4 5 3 7 6  8 4 5 3 7 6 8 8356 8365 8356 3 4 5 3 7 6 8 4 5 3 7 6 8 45 3 7 6 8 4 5 3 7 6 8 a 4 5 3 7 6 8 4 5 3 7 6 8 4 5 3 7 6 8 4 5 3 7 6 8 4 5 3 7 6 8 4 5 3 7 6 8 4 5 3 7 6 8 4 5 3 7 6 8 4 5 3 7 6 8 4 5 3 7 6 8 4 5 3 7 6 8 4 5 3 4 5 3 7 6 8 4 5 3 7 6 8 4 5 3 7 6 8 4 5 3 7 6 8 4 5 3 7 6 8 4 5 3 7 6 8 4 5 3 7 6 8 4 5 3 7 6 8 4 5 3 7 6 8 4 5 3 7 6 8 4 5 3 7 6 8 4 5 3 8 7 6 4 5 3 7 6 8 4 5 3 7 6 8 4 5 3 7 6 8 4 5 3 7 6 8 4 5 3 7 6 8 4 5 3 7 6 8 4 5 3 7 6 8 4 5 3 7 6 8 4 5 3 7 6 8 4 5 3 7 6 8 4 5 3 77 6 8 4 5 3 7 6 3 8 4 5 3 7 6 8 4 5 3 7 6 8 4 5 3 7 6 8 4 5 3 7 6 8 4 5 3 7 6 8 4 5 3 7 6 8 4 5 3 7 6 8 4 5 3 7 6 8 4 5 3 7 6 8 4 5 3 7 6 8 4 5 3 7 6 8 4 5 3 7 6 8 4 5 3 7 6 8 4 5 3 7 6 8 4 5 3 7 6 8 4 5 3 7 6 8 4 5 3 7 6 8 4 5 3 7 6 8 4 5 3 7 6 8 4 5 3  7 6 8 4 5 3 7 6 8 4 5 3 7 6 8 4 5 3 7 6 8 4 5 3 7 6 8 4 5 3 7 6 8 4 5 3 7 6 8 4 5 3 7 6 8 4 5 3 7 6 8 4 5 3 7 6 8 4 5 3 7 6 8 4 5 3 7 6 8 4 5 3 7 6  8 4 5 3 7  6 4 f5 3 7 6 8 4 5 3 7 6 8 4 5 3 7 6 8 4 5 3 7 6  8 4  3 4 5 3 7 6 8 4 5 3 7 6  8 4 5 3 7 6 8 4 5 3 7 6 8 4 5 3 7 6 8 4 5 3 7 6 5 33 4 4 5 3 7 6 8 4 5 3 7 6 88 4 5 3 7 6 8 4 5 3 7 6 88 4 5 3 7 6 8 4 5 3 7 6 8 4 5 3 7 6 8 4 5 3 7 6 8 5 4 5 3 7 6 8 4 5 3 7 6 8 4 5 3 7 6 8 4 5 3 4 5 3 7 6 8 4 5 3 7 6 8 4 5 3 7 6 8 4 5 3 7 6 88 4 5 3 7 6 8 4 5 3 7 6 i 8 4 5 3 7 6 8  5 4 5 3 7 6 8 4 5 3 7 6 8 4 5 3 7 6 8 4 5 3 7 6 8 4 5 3 7 6 8 4 5 3 7 6 8 4 5 3 7 6 8 5 4 5 3 7 6 8  4 5 3 7 6 8 4 5 3 7 6 8 4 5 3 7 6 8 4 5 3 7 6 8 4 5 3 7 6 8 4 5 3 7 6 8 4 5 3 7 6 8 4 5 3 7 6 8 4 5 3 7 6 8 4 5 3 7 6  8 4 5 3 7 6  8 7 6 8 4 f5 3 7 6 8  4 5 3 7 6 8 4 5 3 7 6 8 4 5 3 7 6 8 4 5 3 7 6 8 4 5 3 7 6 8 4 5 3 7 6 8 4 5 3 7 6 8 4 5 3 7 6 8 4 5 3 7 6 8 4 5 3 7 6 8 4 5 3 7 6 8 4 5 3 7 6 8 4 5 3 7 6  8 4 5 3 7 6 8 4 5 3 7 6 8 4 5 3 7 66 8 3 4 5 3 7 6 8 4 5 3 7 6 8 4 5 3 7 6 8 4 5 3 7 6 8 4 5 3 7 6 8 4 5 3 7 6 8 4 5 3  7 6 8 4 5 3 7 6 8 4 5 3 7 6 8 4 5 3 7 6 8 4 5 3 7 6 8 4 5 3 7 6 8 4 5 3 7 6 8 4 5 3 7 6 8 4 5 3 77 6 8 4 5 3 7 6 8 4 5 3 7 6 8 4 5 3 7 6 8 4 5 3 7 6 8 4 5 3 7 6 8 4 5 3 7 6 8 4 5 3 7 6 8 4 5 3 7 6 8 4 5 3 7 6 8 4 5 3 7 6 8 4 5 3 7 66 8 4 5 3 7 66 8 4 5 3 7 66 8 4 5 3 77 6 8 4 5 3 7 6 8 r 4 5 3 7 6 8 4 5 3 7 6 8 4 5 3 7 6 8 4 5 3 7 6 8 4 5 3 7 6 8 4 5 3 7 6 8 4 5 3 7 6 8 4 53 7 6 8 4 5 3 7 6 8 4 5 3 8 7 6 8 4 5 3 7 6 8 44 5 3 7 6 8 4 5 3 7 6 8 4 5 3 7 6 8 4 5 3 7 6 8 4 5 3 7 6 8 4 5 3 7 6 8 4 53  7 6 8 4 5 3 7 6 8 4 5 3  6 7 6 8 4 5 3 7 6 8 4 5 3 7 6 8  4 5 3 7 6 8 4 5 3 7 6 8 4 5 3 7 6  8 4 5 3 7 6 8 4 5 3 7 6 8 4 5 3 7 6 8 4  4 5 3 7 6 8 4 5 3 7 6 8 4 5 3 7 6 8 4 5 3 7 6 8 4 5 3 7 6 8 4 5 3 7 6 8 4 5 3 7 6 8 4 5 3 77 6 8 4 5 3 7 6 8 4 5 3 7 6 8 4 5 3 7 6 8 4 5 3 7 6 8 4 5 3 7 6 8 4 5 3 7 6 8 4 5 3 7 6 8 4 5 3 7 6 8 4 5 3 77 6 8 4 5 3 7 6 8 4 5 3 7  6 8 4 5 3 7 6 8 4 5 3 7 6 8 4 5 3 7 6 8 4 5 3 7 66 8  4 5 3 7 6 8 4 5 3 7 6 8 4 5 3 7 6 8 4 5 3 7 66 8 4 5 3 7 6 8 4 5 3 7  6 8 4 5 3 7 6 8 4 5 3 7 6 8 4 5 3 7 6 8 4 5 3 8 7 66 8 4 5 3 7 6 8 4 5 3 7 6 8 4 5 3 7 6 8 4 5 3 7 6 8 4 5 3 7 6 8 4 5 3 7 6 8 4 5 3 7 6 8 4 5 3 7 6 8 4 5 3 7 6 8 4 5 3 7 6 8 4 5 3 7 6 8 4 5 3 7 6 8 4 5 3 7 6 8 4 5 3 7 6 8 4 5 3 7 6 8 4 5 3 7 6 8  4 5 3 y 7 6 8 4 5 3 7 6 8 4 5 3 7 6 8 44 5 3 7 6 8 4 5 3 7 6 8 4 5 34 7 6 8 4 5 3 7 6 8 4 5 3 7 6 8 4 5 3 7 6 8 5 4 5 3 7 6 8 4 5 3 7 6 8 4 5 3 7 6 8 4 5 3 7 6 8 4 5 3 7 6 8 4 5 3 7 6 8 4 5 3 7 6 8 4 5 3 7 6 8 4 5 3 7 6 8 4 5 3 7 6 8 3 4 5 3 7 6 8 4 5 3 7 6 8 4 5 3 7 6 8 4 5 3 7 6 8 4 5 3 7  8 4 5 3 7 6 8 4 5 3 7 6 8 4 5 3 7 6 8 4 5 3 7 6 8 4 5 3 7 6 8 4 5 3 7 6 8 4 5 3 7 6 8 4 5 3 8 4 5 3 7 6 8 4 5 3 7 6 8 4 5 3 7  8 6 4 5 3 7 6 8 4 5 3 7 6 8 4 5 3 7 6 8 4 5 3 7 6 8 4 5 3 7 6 8 4 5 3 7 6 8 4 5 3 7 6 8 4 5 3 7 6 8 4 5 3 7 6 8 4 5 3 7 6 8 4 5 3 7 6 8 4 5 3 7 6 8 4 5 3 7 6 8 4 5 3 7 6 8 4 5 3 7 6 8 4 5 3 7 6 8 4 5 3 7 6 8 4 5 3 7 6 8 4 5 3 7 6 8 4 5 3 7 6 8 4 5 3 7 6 8j 4 5 3 7 6 8 4 5 3 7 6 8 4 5 3 7 6 8 4 5 3 7 6 8 4  5 3 7 6 8 4 5 3 7 6 8 4 5 3 7 6 8 4 5 3 7 6 8 4 5 3 7 6 8 4 5 3 7 6 8 4  5 3 7 6 8 4 5 3 7 6 8 4 5 3 7 6 8 4 5 3 7 6 8 4 5 3 7 6 8 4 5 3 7 6 8 4 5 3 7 6 8 4 5 3 7 6 8 4 5 3 7 66 8 4 5 3 7 6 8 3 4 5 3 7 6 8 4 5 3 7 6 8 4 5 3 7 6 8 4 5 3 7 6 84  5 3 7 6 8 4 5 3 7 6 8 4 5 3 7 6 8 4 5 3 7 6 8 4 5 3 6 7 6 8 4 5 3 7 6 8 4 5 3 7 6 8 4 5 3 7 6 8 4 5 3 7 6 8  4 5 3 7 6 88 4 5 3 7 6 78 4 5 3 7 6 8 4 5 3 7 6 8 5 4 5 3 7 6 8 4 5 3 7 6 8 4 5 3 7 6 8 4 5 3 7 6 8 4 5 3 7 6 8 4 5 3 7 6 8 4 5 3 7 6 8 4 5 3 7 6 3 8 4 5 3 7 6 8 4 5 3 7 6 8 4 5 3 7 6 8 4 5 3 7 6 8 4 5 3 7 6 8 4 5 3 7 6 8 4 5 3 7 6 8 4 5 3 7 6 8 4 5 3 7 6 8 4 5 3 7 6 8 4 5 3 7 6 8 4 5 3 7 6 8 4 5 3 7 6 8 4 5 3 7 6 78 44 5 3 7 6 8 4 5 3 7 6 8 4 5 3 7 6 8 4 5 3 7 6 8 4 5 3 7 6 8 4 5 3 7 6 8 4 5 3 7 6 8 4 5 3  7 6 8 4 5 3 7 6 8 4 5 3 7 6 8 4 5 3 7 6 8 4 5 3 7 6 8 4 5 3 7 6 8 4 5 3 7 6 8 4 5 3 7 6 8 4 5 3 7 68 8 4 5 3 7 6 8 4 5 3 ul7 6 8 4 5 3 7 6 8 5 3 4 5 3 7 6 8 4 5 3 7 6 8 4 5 3 7  4 5 3 7 6 8 4 5 3 7 6 8 4 5 3 7 6 8 4 5 3 7 6 8 4 5 3 7 68 4 5 3 7 68 4 5 3 7 6 8  4 43 5 3 4 4 5 3 7 6  8  5 4 5 3 7 6 8 4 5 3 7 6y 8 4 5 3 7 66 8 4 5 3 7 6 8 4 5 3 7 6 8 4 5 3 7 6 8 4 5 3 7 6 8 4 5 3 7 6 8 4 5 3 7 6 8 4 5 3 7 6 8 4 5 3 7 6 8 4 5 3 7 6 8 4 5 3 7 6 8 4  5 3 7 68 4 5 3 7 6 8 4 5 3 7 6 8 4 5 3 7 6 8 4 5 4 5 3 77 6 8 4 5 3 7 6 8 4 5 3 7 6 8 4 5 3 77 6 8 4 5 3 7 6 8 4 5 3 7 6 8 4 5 3 7 6 8 45 3 7 6 8 4 5 3 7 6 8 4 5 3 7 6 8 4 5 3 7 6 8 4 5 3 7 6 8 4 5 3 7 6 8 4 5 3 7 6 8 4 5 3 7 6 8 4 5  37 6 8 4 5 3 7 68 4 5 3 7 6 8 4 5 3 7 6 8 4 5 3 7 6 8 4 5 3 7 6 8 4 5 3 7 6 8 4 5 3 7 6 98 4 5 3 7 6 8 4 53 78 677 98 4 53 7 6 8 4 5 3 7 6 8 4 5 3 7 6 8 4 5 3 7 6 8 4 5 3 7 6 8 4 5 3 7 6 8 4 5 3 7 6 8 4 5 3 7 6  8 4 53 7 6 84 5 3 7 6 8 4 5 3 7 6 8 4 5 3 7 6 8 4 4 3 7 6 8 4 5 3 7 6 8 4 5 3 7 6 u 8 4 5 3 7 6 8 4 5 3 7 6 8 4 5 3 7 6 8 4 5 3 7 6 8 4 5 3 7 6 8 4 5 3 7 6 8 4 5 3 7 6 8 4 5 3 7 6 8 4 5 3 7 6 8 4 5 3 7 6 8 4 5 3 7 6 8 4 5 3 7 6 8 4 5 3 7 6 8 4 5 3 7 6 8 4 5 3 7 6 8 4 5 43 7 6 8 4 5 3 7 6 8 4 5 3 7 6 8 4 5 3 7 6 8  5 3 7 6 8 4 5 3 7 6 8 4 5 3 7 6 8 4 5 3 7 6 8 4 5 3 7 6 8 4 5 3 7 6 8 4 5 3 7 6 8 45 3 7 6 8 4 5 3 7 6 8 4 5 3 7 6 8 4 5 3 7 6 8 4 5 3 7 6 8 4 5 3 7 6 8 4 5 3 7 6 8 4 5 3 7 7 t 6 8 4 5 3 7 6 8 4 5 3 7 6 8 4 5 3 7 6 8 4 5 3 7 6 8 4 5 3 7 6 8 4 5 3 7 6 8 4 5 3 7 6 8 4 5 3 7 6 88 4 5 3 7 6 8 4 5 3 7 6 8 4 5 3 7 6 8 4 5 3 7 6 8 4 5 3 7 6 8 4 5 3 f7 6 8 4 5 3 7 6 8 4 5 3 7 6 8 4 5 3 7 6 8 4 5 3 7 6 8 4 5 3 7 6 8 4 5 3 7 6 8 4 5 3 7 6 8 4 5 3 7 6 8 4 5 3 7 6 8 4 5 3 7 6 8 4 5 3 7 6 8 7 6 8 7 6 i 8 4a 5 3 7 6 8 4 5 3 7 6 8 4 5 3 7 6 8 4 5 3 7 6 8 4 5 3 7 6 8  4 5 3 7 6 8 4 5 3 7 6 8 4 5 3 7 6 8 4 5 3 7 6 8 4 5 3 7 6 8 4 5 3 7 6 8 4 5 3 7 6 8 4 5 3 7 6 8 4 5 3 7 6 8 4 5 3 7 6 8 4 5 3 7 6 8 45 3 7 6 8 45 3 5 43 7 6 8 4 5 3 7 6 8 3 4 5 3 7 6 8 4 5 3 7 6 8  4 5 3 7 6 8 4 5 3 7 6 8 4 5 3 7 6 8 4 5 3 7 6 8 4 5 3 7  6 8 4 5 3 7 6 8 4  3 7 6 8 4 5 3 7 6 8 4 5 3 7 6 8 4 5 3 6 7 6 8 4 5 3 7 6 8 4 5 3 7 6 8 4 5 3 7 6 8 4 5 3 7 6 8 4 5 3 7 6 8 4 5 3 7 6 8 4 5 3 7 6 8 4 5 3 7 66 8 4 5 3 7 6 8 4 5 3 7 6 8 4 5 3 7 6 8 4 5 3 7 6 8 4 5 3 7 6 8 4 5 3 7 6 8 4 5 3 7 6 8 4 5 3 7 6 8 4 5 3 7 6 8 4 5 3 7 6 8 4 5 3 7 6 8 4 5 3 7 66 8 4 53 7 6 8 4 5 3 7 6 8 4 5 3 7 6 8 4 5 3 7 6 8 4 5 3 7 6 8 4 5 3 7 6 8 4 5 3 7 6 8 4 5 3 7 6 8 4 5 3 7 6 8  4 5 3 7 668 4 5 3 7 6 8 4 5 3 7 6 8 4 5 3 7 66 8 4 5 3 7 6 6 88 4 5 3 7 66 8 4 5 3 7 6 8 4 5 3 7 6 8 4 5 3 7 6 8 4 5 3 7 6 8 4 5 3 7 6 8 4 5 3 7 6 8 4 5 3 7 6 8 4 5 3 7 6 8 4 5 3 7 6 8 4 5 3 7 6 8 4 5 3 8 4 5 3 7 6 8 4 5 3 7 6 8 4 5 3 7 6 8 4 5 3 7 6 8 4 5 3 7 6 8 4 5 3 7 6 8 4 5 3 7 66 8 4 5 3 7 66 8 4 5 3 7 6 8 4 5 3 7 6 8 4 5 3 7 6 8 4 5 3 7 6 8 4 5 3 7 6 8 4 5 3 7 6 8 4 5 3 7 6 8 r 4 5 3 7 6 8 4 5 3 7 66 8  4 5 3 7 6 8 4 5 3 7 6 8 4 5 3 7 6 8 4 5 3 7 6 8 4 5 3 7 6 8 4 5 3 7 6 8 4 5 3 7 6 8 4 5 3 7 6 8 4 5 3 7 6 8 4 5 3 7 6 8 4kl 5 3 7 6 8 4 5 3 7 6 8 4 5 3 7 6 8 4 5 3 7 6 8 4 5 3 7 6 8 4 5 3 7 6 8 4 5 3 7 6 8 4k 5 3 7 6 8 4 5 3 7 6 8 45 3 7 6 8 4 5 3 7 6 8 4 5 3 7 6 8 4 5 3 7 6 84  5 3 7 6 8 4 5 3 7 6 8 4 5 3 7 6 8 4 5 3 7 6 8 4 5 3 7 6 8 4 5 3 7 6 8 4 5 3 7 6 8 4 5 3 7 6 8 4 5 3 7 6 8 4 5 3 7 6 8 4 5 3 7 6 8 4 5 3 7 6 8 4 5 3 7 6 8 4 5 3 7 6 8 4 5 3 7 6 8 4 5 3 7 6 8 4 5 3 7 6 84 5 3 7 6 8 4 5 3 7 6 8 4 5 3 7 6 8 4 5 3 7 6 8 4 5 6 4 7 6 8 4 5 3 7 6 8 45 4 5 3 7 6 8 4 5 3 7 6 8 4 5 3 7 6 8 4 5 3 7 6 8 4 5 3 7 6 8 4 5 3 7 6 8 4 5 3 7 6 8 4 5 3 7 6 8 4 5 3 7 6  8 4 5 3 7 6 8 4 5 3 7 6 8 4 5 3 7 6 8 4 5 3 7 6 8 4 5 3 7 6 8 4 5 3 7 6 8 45 3 7 6 8 4 5 3 7 6 8 4 5 3 7 6 8 4 5 3 7 6 8 4 5 3 7 6 8 4 5 3 7 6 8  5 3 7 6 8 4 5 3 7 6 8 4 5 3 7 6 8 4 5 3 7 6 8 4 5 3 7 6 8 4 5 3 7 6 8 4 5 3 7 6 8 4 5 3 7 6 8 45 3 7 68 4 5 3 7 6 8 4 5 3 7 668 4 5 3 7 6 8 4 5 3 7 6 8 4 5 3 8 7 6 4 5 3 7 66 8 4 5 3 7 6 8 4 5 3 7 6 8 4 5 3 7 6 8 4 5 3 7 6 8 4 5 3 7 6 8 4 5 3 7 6 8 4 5 3 7 6 8 4 5 3 7 6 8 4 5 3 7 6 8 4 5 3 7 6 8 4 5 3 7 6 8 4 5 3 7 6 8 4 5 3 7 6 8 4 5 3 7 6 8 4 5 3 7 6 8 4 5 3 7 6 8 4 5 3 7 6 8 4 5 3 7 6 8 4 5 3 7 6 8 4 5 3 7 66 8 4 5 3 7 6 8 4 5 3 7 6 8 4 5 3 7 66 8 4 5 3 7 6 8 4 5 3 7 6 8 4 5 3 7 6 8 4 5 3 7 6 8 4 5 3 7 6 8 4 5 3 7 6 8 4 5 3 7 66 8 4 5 3 7 6 8 4 5 3 7 6 8 4 5 3 7 6 8 4 5 3 7 6 8 4 5 3 7 6 8 4 5 3 7 6 8 4 5 3  7  6 8 4 5 3 7 6 8 4 5 3 7 6 8 4 5 3 7 6 8 4 5 3 7 6 8 4 5 3 7 6 8 4 5 3 7 6 8 4 5 3 7 6 8 4 5 3 7 6 8 4 5 3 7 6 8 4 5 3 7 6 8 4 5 3 7 6 8 4 5 3 7 6 8 4 5 3 7 6 8 4 5 3 7 6 8 4 5 3 7 6 8 4 5 3 7 6 8 45 3  6 7 6 8 4 4 5 3 7 6 8 4 5 3 7 6 8 4 5 3 7 6 8 4 5 3 7 68 4 5 3 7 68 4 5 3 7 6 8 4 5 3 7 6 8 4 5 3 7 6 8 4 5 3 7 6 8 4 5 3 7 6 8 4 5 3 7 6 84 5 3 7 68 4 5 3 7 6 8 4 5 3 7 6 8 4 5 3 7 6 8 4 5 3 7 6 4 5 3 7 6 8 4 5 3 7 6 8 4 5 3 7 6 8 4 5 3 7 6 4 5 3 7 6 8 4 5 3 7 6 8 4 5 3 7 6 8 4 5 3 7 6 8 4 5 3 7 6 8 4 5 3 7 6 8 4 5 3 7 6 8 4 53 4 5 3 7 6 8 45 3 7 6 8 4 53 7 6 8 4 5 3 7 6 8 4 5 3 7 6 8 4 5 3 7 6 8 4 5 3 7 6 8 4 5 3 7 6 8  4 5 3 7 6 8 4 5 3 7 6 8 4 5 3 7 6 8 4 5 3 7 6 8 4 5 3 7 6 8 4 5 3 7 6 8 4 5 3 7 6 8 4 5 3 7 6 8 4 5 3 7 6 8 4 5 3 7 6 8 4 5 3 7 6 8 4 5 3 7 6 8 4 5 3 7 6 8 4 5 3 7 6 8 4 5 3 7 6 8 4 5 3 7 6  8 4 5 3 7  8 6 4 5 3 7 6 8 4 5 3 7 6 8 4 5 3 7 6 8 4 5 3 7 6 8 4 5 3 7 6 8 4 5 3 7 6 8 4 5 3 7 6 8 4 5 3 7 6 8 4 5 3 7 6 8 4 5 3 7 6 8 4 5 3 7 6 8 4 5 3 7 6 8 4 5 3 7 6 8 4 5 3 7 6 8  4 5 3 7 6 8 4 5 3 7 6 8 4 5 3 7 6 8 4 5 3 7 6 8 4 5 3 7 6 8 4 5 3 7 6 8 4 5 3 7 6 8 4 5 3 7 6 8 4 5 3 7 6 8 4 5 3 7 6 8 4 5 3 7 6 8 4 5 3 7 6 8 4 5 3 7 6 8 4 5 3 7 6 8 45 3 7 6 8 4 5 3 7 6 8 4 5 3 7 6 8 4 5 3 7 6 8 4 5 3 7 6 8 4 5 3 7 6 8 4 5 3 7 6 8 4 5 3 7 6 8 4 5 3 7 6 8 4 5 3 7  6 8 4 5 3 7 6 8 4 5 3 7 6 8 4 5 3 7 6 8 4 5 3 7 6 8 4 5 3  7 6 8 4 5 3 7 6 8 4 5 3 7 6 8 4 5 3 7 6 8 44 5 3 7 6 8 4 5 3 7 6 8 45 3 7 6 8 4 5 3 7 6 8 4 5 3 7 6 8 4 5 3 7 6 8 4 5 3 7 6 8 4 5 3 7 6 8 4 5 3 7 6 8 4 5 3 7 6 8 4 5 3 7 6 8 4 5 3 7 6 8 4 5 3 7 6 8 4 5 3 7 6 8 4 5 3 7 6 8 4 5 3 7 6 8 4 5 3 7 6 8 4 5 3 7 6 8 4 5 3 7 6 8 4 5 3 7 6 8 4 5 3 7 6 8 4 5 3 7 6 8 4 5 3 7 6 8 4 5 3 7 6 8 4 5 3 7 6 8 4 5 3 7 6 8 4 5 3 7 6 8 4 5 3 8 7 7 6 8 4 5 3 7 6 8 4 5 3 7 6 8 4 5 3 7 6 8 4 5 3 7 6 8 4a 5 3 7 6 8 4 5 3 7 6 8 4 5 3 7 6 8 4 5 3 7 6  8 4 5 3 7 6 8 4 5 3 7 6 8  54 5aa 3 4 5 3 7 6 8 4 5 3 7 6 8 4j 5 3 4 5 7 6 8 4 5 3 7 6 8 4 5 3 87 6 8 4 5 3 7 6 8 4 5 3 7 6 8 4 5 3 7 6 8 4 5 3 7 6 8 4 5 3 7 6 8 4 5 3 7 6 8 4 5 3 7 6 8 4 5 3 7 6 8 4 5 3 7 6 8 4 5 3 7 6y 8 4 5 3  6 7 6 8 4 5 3 7 6 8 4 5 3 7 6 8 4 53 7 6 8 4 5 3 7 6  8  4 5 3 7 6 8 4 5 3 7 6 8 4 5 3 7 6 8 4 5 3 7 6 8 4 5 3 7 6 8 4 5 3 7 6 8 4 5 3 7 6 8 4 5 3 7 6 8 4 5 3 7 6 8 4 5 3 7 6 8 4 5 3 7  6 8 4 5 3 7 6 8 4 5 3 7 6 8 4 5 3 7 6 8 4 5 3 7  6 8 4 5 3 7 6 8 4 5 3 7 6 8 4 5 3 7 6 8 4 5 3 7 6 8 4 5 3 7 6 8 4 5 3 7 6 8 4 5 3 7 6 8 4 5 3 7 6 8 4 5 3 7 6 8 4 5 3 7  6 8 4 5 3 7 6 8 4 5 3 7 6 8 4 5 3 7 6 8 4 5 3 7 6 8 4 5 3 7 6 8 4 5 3 7 6 8 4 5 3  7 6 8 4 5 3 7 6 8 4 5 3 7 6 8 4 53 7 6 8 4 5 3 7 6 8 4 5 3 7 6 8 4 5 3 7 6 8 4 5 3 7 6 8 4 5 3 7 6 8 4 5 3 7 6 8 4 5 3 7 6 8 4 5 3 7 6 8 4 5 3 7 6 8 4 5 3 7 6 8 4 5 3 7 76 8 4 5 3 7 6 8 4 5 3 7 6 8 4 5 3 7 6 8 4 5 3 7 6 8 4 5 3 7 6 8 4 5 3 7 6 8 4 5 3 7 6 8 4 5 3 7 6 8 4 5 3 7 6 8 4 5 3 7 6 8 4 5 3 7 6 8 4 5 3 7 6 8 4  5 3 7  66 8 4 5 3 7 6 8 4 5 3 7 6 8 4 5 3 7 6 8 4 5 3 7 6 8 4 5 3 7 6 8 4 5 3 7 6 8 4 5 3 7 6 8 4 5 3 7 6 8 4 5 3 7 6 8 4 5 3 7 6 8 4 5 7 6 8  4 5 3 7 6 8 4 5 3 7 6 8 4 5 3 7 6 8 4 5 37 6 8 4 5 3 7 6 8 4 5 3 7 6 8 4 5 3 7 6 8 4 5 3 7 6 8 4 5 3 7 6 8 4 5 3 7 6 8 4 5 3 7 6 8 4 5 3 7 6 8 4 5 3 7 6 8 4 5 3 7 6 8 4 5 3 7 6 8 4 5 3 7 6 8 4 5 3 7 6 8 4 5 3 7 6 8 45 3 8 7  6 8 4 5 3 7 6 8  4 5 3 7 6 8 4 5 3 7 6 8 4 5 3 7 6 8 4 5 3 7 6 8 4 5 3 7 6 8 4 5 3 7 6 8 4 5 3 7 6 8 4 5 3 7 6 8 4 5 3 7 66 8 4 5 3 7 6 8 4 5 3 7 6 8 4 5 3 7 6 8 4 5 3 7 6 8 4 5 3 7 6 8 4 5 3 7 6 8 4 5 3 7 6 8 4 5 3 7 6 8 4 5 3 7 6 8 4 5 3 7 6 8 7 6 8 4 5 3 7 6 8 4 5 3 7 6 8 4 5 3 7 6 8 4 5 3 77 6 8 4 5 3 7 6 8 4 5 3 7 6 8 4 5 3 7 6  8 4 5 3 7 6 8 4 5 3 7 6 8 4 5 3 7 6 8 45 3 7  6 8 4 5 3 7 6 8 4 5 37 6 8 4 5 3 77 6 8 4 5 3 7 6 8 4 5 3 7 6 8 4 5 3 7 6 8 4 5 3 7 6 8 4 5 3 7 6 8 4 5 3 7 6 8 4 5 3 7 6 8 4 5 3 7 6 8 4 5 3 7 6 8 4 5 3 7 6 8 4 5 3 7 6 8 4 5 3 7 6 8 4 5 3 7 6 8 4 5 3 7 6 8 4 55 3 7 6 8 4 5 3 7 6 8 4 5 3 7 6 8 4 5 3 7 6 8 4 5 3 7 6 8 4 5 3 7 6 8 4 5 3 7 6 8 4 53 7 6 8 4 53  7 6 8 4 f5 3 7 6 8 4 5 3 7 6 8 4 5 3 7 6 8 4 5 3 7 6 8 4 5 3 7 6 i8 4 5 3 7 6 8 4 5 3 7 6 8 4 5 3 7 6 8 4 5 3 7 6 8 4 5 3 7 6 8 4 5 3 7 6 8 4 5 3 7 6 8 4 53  7 6 8 4 5 3 7 6 8 4 5 3 7 6 8 4 5 3 7 6 8 4 5 3 7u 76 8 4 5 3 7 6 8 4 5 3 7 6 8 4 5 3k 7 6 8 4 5 3 7 6 8 4 5 3 7 6 8 45 3 7 6 8 4 5 3 7 6 8 4 5 3 7 6 8 4 5 3 7 6 8 4 5 3 7 6 8 4 5 3 7 6 8 4 5 3 7 6 8 4 5 3 7 6 8 4 5 3 7 6 8 4 5 3 7 6 8 4 5 3 7 6 8 4a 5 3 7 6 8 4 5 3 7 6 8 4 5 3 7 6 8 4 5 3 7 6 8 4 5 3 77 6 8 3 5 4 5 3 7 6 8 4 5 3 7 6 8 4 5 3 7 6 8 4 5 3 7 6 8 4 5 3 7 6 8 4 5 3 7 6 8 4 5 3 7 6 8 4 5 3 7 6 8 4 5 3 7 8 6 8 4 5 3 7 6 8 4 5 3 7 6 8 4 5 3 7 6 8 4 5 3 7 6 8 4 5 3 7 6 8 4 5 3 7 6 8 4 5 3 7 6 8 4 5 3 7 6 8 4 5 3 7 6 8 4 5 3 7 6 8 4 5 3 7 6 8 4 6 5 3 7 6 8  4 5 3 7 7 6 8 4 5 3 7 6 8 4 5 3 7 6 8 4 5 3 7 6 8 4 5 3 7 6 8 4 5 3 7 6 8 4 5 3 7 6 8 4 5 3 7 6 8 4jk5 3 7 6 8 45 3 7 6 8 4 5 3 7 6 8 45 3 7 6 8 4 5 3 7 6 8 4 5 3 7 6 8 4 5 3 7 6 8 4 5 3 7 66 8 4 5 3 7 6 8 4 5 3 7 6 8 4 5 3 7 6 8 4 5 3 6 7 6 8 4 5 f3 7 6 8 4 5 3 7 6 8 4 5 3 7 6 8 4 5 3 7 6 8 4 5 3 7 6 8 4 5 3 7 6 8 4 5 3 7 6 8 4j 5 3 7 6 8 4 5 3 7 6 8 4 5 3 7 6 8 4 5 3 7 6 8 4 5 3 7 6 8 4 5 3 7 6 8 45 3 7 6 8 4 5 3 7 6 8 4 5 3 7 6 8 4 5 3 7 6 8 4 5 3 7 6 8 4 5 3 7 6 8 4 5 3 7 6 8 4 5 3 7 6 8 4 5 3 7 6 8 4 5 3 7 6 8 4 5 3 7 6 8 4 5 3 7 6 8 4 5 3 7 6 8 4 5 3 7 6 8 4 5 3 7 6 8 4 5 3 7 6 8 4 5 3 7 6 8 4 5 3 7 6 8 4 5 3 7 6 8 4  5 3 7 6 8 4 5 3 4 5 3 7 6 8 4 5 3 7 6 8 4 5 3 7 6 8 4 5 3 7 6 8 4l 5 3 7 6 8 4 5 3 7 6 8 4 5 3 7  6 8 4j 5 3 7 6 8 4 5 3 7 6 8 4 5 3 7 6 8 4 5 3 7 6 8 4 5 3 7 6 8 4 5 3 7 6 8 4 5 3 7 6 8 45 3 7 6 8 4 5 3 7 6 8 4 5 3 7 6 8 4 5 3 7 6 8 4 5 3 7 6 8 4 5 3 7 6 8 4 5 34 74 5 3 7 6 8 4 5 3 7 6 8 4 5 3 7 6 8 4 5 3 7 6 8 4 5 3 7 6 8 4 5 3 7 6 8 4 5 3 7 6 8 4 5 3 7 6 8 4 5 3 7 6 8 4 5 3 7 6 8 4 5 3 7 6 8 4 5 3 7 6 8 4 5 3 7 6 8 4 5 3 7 6 8 45 3 7 6 8 4 5 3 7 6 8 4 5 3 7 6 8 4 5 3 7 6 8 4 5 3 7 6 8 4 5 3 7 6 8 4 5 3 7 6 8 4 5 3 7 6 8 4 5 3 7 6 8 4 5 3 7 6 8 4 5 3 7 6 8 4 5 3 7 6 8 4 5 3 7 6 8 4 5 3 7 6 8 4 5 3 7 6 8 4 5 3 7 6 8 4 5 3 7 6 8 4 5 3 7 6 8 4 5 3 7 6 8 4k 5 3 7 6 8 4 5 3 7 6 8 4 5 3 7 6 8 4 5 3 7 6 8 4 5 3 7 6 8 4 5 3 7 6 8 4 5 3 7 6 8 4 5 3 7 6 8 4 5 3 7 6 8 e4 5 3 7 6 8 4 5 3 7 6 8 4 5 3 7 6 8 4 5 3 7 6 8 4 5 3 7 6 8 4 5 3 7 6 8 4 5 3 77 6 8 4 5 3 7 6 8 4 5 3 7 6 8 4 5 3 7 6 8 4 5 3 7 6 8 4 5 3 77 6 8 4 5 3 7 6 8 4 5 3 7 6 8 4 5 3 7 6 8 4 5 3 7 6 8 4 5 3 7 6 8 4 5 3 7 6 8 4 5 3 7 6 8 4 5 3 7 6 8 4 5 3 7 6 8 4 5 3 77 6 8 4 5 3 7 6 8 4 5 3 7 6 8 4 5 3 7 6 8 4 5 3 7 6 8 4 5 3 7 6 8 4 5 3 7 6 8 4kl  3 7 6 8 4 5a 3 7 6 8 4 5 3 7 6 8 4 5 3 7 6 8 4 5 3 7 6 8 4 5 3 7 6 8 4 5 3 7 6 8 4 5 3 7 6 8 4 5 3 7 6 8 4 5 3 7 6 8 4 5 3 7 6 8 4 5 3 7 6 8 4 j5 3 7 6 8 4 5 3 7 6 8 4 5 3 7 6 8 4 5 3 77 6 8 4 5 3 7 6 8 4 5 3 7 6 8 4 5 3 7 6 8 4 5 3 7 6 8 4 5 3 7 6 8 4 5 3 7 6 8 4 5 3 7 6 8 4 5 3 7   6 8 4 5 3 7 6 8 4 5 3 7 6 8 4 5 3 7 6 8 4 5  73 7 6 8 4 5 3 7 6 8 4 5 3 7 6 8 4 5 3 7 6 8 4 5 3 7 6 8 4 5 3 7 6 8 4 5 3 7 6 8 4 5 3 7 6 8 4 5 3 7 6 8 4 5 3 7 6 8 45 3 7 6 8 4 5 3 7 6 8 4 5 3 7 6 8 4 5 3 7 6 8 4 5 3 7 6 8 4 5 3 7 6 8 4 5 3 7 6 8 4 5 3 7 6 8 4 5 3 7 6 8 4 5 3 7 6 8 4 5 3 7 6 8 4 4 5 3 7 6 8 4 5 3 7 6 8 4 5 3 7  6 8 4 5 3 7 6 8 4 5 3 7 6 8 4 5 3 7 6 8 4 5 3 7 6 8  4 5 3 7 6 8 4 5 3 7 6 8 4 5 3 7 6 8 4 5 3 7 6 8 4a 5 3 7 6 8 4 5 3 7 6 8 4 5 3 77 6 8 4 5 3 7 6 8 4 5 3 7 6 8 4 5 3 7 6 8 4 5 3 7 6  8 4 5 3 7  8 6 8 4 5 3 7 6 8 4 5 3 7 6 8 4 5 3 7 6 8 4 5 3 7 6 8 4 5 3 7 6 8 4 5 3 7 6 8 4 5 3 7 6 8 4 5 3 7 6 8 4 53 7 6 8 4 5 3 87 6 8 4 5 3 7 6 8 4 5 3 7 6 8 4 5 3 7 6 8 4 5 3 7 6  8 4 5 3 7 6 8 4 5 3 7 6 8 4 53 7 6 8 4 5 3 7 6 8 4 5 3 7 6 8 4 5 3 7 6 8 4 5 3 7 6 8 4 5 3 7 6 8 4 53 7 6 8 4 5 3 7 6 8 4 53 7  6 8 4 5 3 7 6 8 4 5 3 7 6 8 45 3 7 6 8 4 5 3 7 6 8 4 5 3 7 6 8 4 5 3 7 6 8 4 5 3 7 6 8 4 5 3 7 6 8 4 65 3 7 6 8 4 5 3 7 6 8 4 5 3 77 6 8 4 5 3 7 6 8 4 5 3 7 6 8 4 5 3 7 6 88 4 5 3 7 6 8 4 5 3 7 6 8 4 5 3 7 6 8 4 5 3 7 6 8 4 5 3 7 6 8 4 5 3 7 6 8 4 5 3 7 6 8 4 5 3 7 6 8 4 5 3 7 6 8 4 5 3 7 6 8 4 5 3 7 6 8 4 53 7 6 8 4 5 3 7 6 8 4 5 3 7 6 8 4 5 3 7 7 6 8 4 5 3 7 6 8 4 5 3 7 6 8 4 5 3 7 6 8 4 5 3 7 6 8 4 5 3 7 6 8 4 5 3 7 6 8 4 5 3 7 6 8 4 5 3 7 6 8 4 5 3 77 6 6 8 4 5 3 7 6 8 345 3 7 6 8 4 5 3 7 6 8 4 5 3 7 6 8 4 53 7 6 8 4 5 3 7 6 8 4 5 3 77 6 8  4 5 3 7 668  4 5 3 7 6 8 4 5 3 7 6 8 4 5 3 7 6 8 4 5 3 7 6 8 4 53 7 6 8 4 53 7 6 8 4 5 3 7 6 8 4 5 3 7 6 8 4 5 3 7 6 8 4 5 3 7 6 8 4 5 3 76 8 4 5 3 7 6 8 4 5 3 7 68 4 5 3 7 6 8 453 7 6 8 4 5 3 7 6 8 4 5 3 7 6 8 4 5 3 7 6 8 4 5  3 7 6 8 4 5 3 7 6 8 4 5 3 7 6 8 4 5 3 7 6 8 4 5 3 7 6 8 4 5 3 7 6 8 4 5 3 7 6 8 4 5 3  7 6 8 4 5 3 7 6 8 4 5 3 7 6 8 4 3 7 6 8 4 5 3 7 6 8 4 5 3 7 6  8 4 5 3 7 6 8 4 5 3 7 6 8 4 5 3 7 6 8 4 5 3 7 6 8 4 5 3 7 6 8 4 5 3 7 68 4 5 3 7 6 8 4 5 3 7 6 8 4 5 3 7 6 8 4 5 3 7 6 8 4 5 3 7 6 8 4 5 3 7 6 8 4 5 3 7 6 8 4 5 3 7 6 8 45 3 7 6 8 4 5 3 7 6 8 4 5 3 7 6 8 4 5 3 7 6 8 4 5 3 77 6 8 4 5 3 7 6 8 4 5 3 7 6 8 4k 5 3 7 6 8 4 5 3 7 6 8 4 5 3 7 6 8 4 5 3 7 6 8 4 5 3 7 6 8 4 5 3 8 7 6 8 4 5 3 7 6 8 4 5 3 7 6 8 4 5 3 7 6 8 4 5 3 7 6 8 4 5 3 7 6 8 4 5 3 7 6 8 4 5 3 7 6 8 4 5 3 7 68 4 5 3 7 6 8 4 5 3 7 6 8 4 5 3 7 6 8 4 5 3 7 6 8 4 5 3 7 6 8 4 5 3 7 68 4 5 3 7 6 8 4 5 3 7 6 8 4 5 3 7 6 8 4 5 3 7 6 88 4 5 3 7 6 8 4 5 3 7 6 8 4 5 3 7 6 8 4 53 7 6 8 4 5 3 7 8 45 3 76 8 4 53 7 6 8 4 5 3 7 6 8 4 5 3 7 6 8 4 53 7 6 8 4 5 3 7 6 8 4 5 3 7 6 8 45 3 7 6 8 4 5 3 7 6 8 4 5 3 7 6 8 4 53 7 6 8 4 5 3 7 6 8 4 5 3 7 6 8 4 5 3 7 6 8 45 3 7 6 8 4 5 3 7 6 8 4 5 3 7 6 8 4 5 3 7 6 8 4 5 3 7 6 8 4 5 3 7 66 8 4 5 3 7 6 8 4 5 3 7 6 8 4 5 3 7 6 8 4 5 3 7 6 8 4 5 3 7 6 8 4 5 3 7 6 8 4 5 3 7 6 8 4 5 3 7 6 8 4 5 3 7 6 8 4 5 3 7 6 8 4 5 3 7 6 8 4 5 3 7 6 8 4 5 3 7 6 8 4 5 3 7 6 8 45 3 7 6 8 4 5 3 7 6 8 4 5 3 7 6 8 4 5 3 7 6 8 4 5 3 7 6 8 4 5 3 7 6 8 4 5 3 7 6 8 4 5 3 7 6 8 4 5 3 7 6 8 4 5 3 7 6 8 4 5 3 7 6 8 4 5 3 77 6 8 4 5 3 7 6 8 4 5 3 7 6 8 4 5 3 7 6 8 4 5 3 7 6 8 4 5 3 7 6 8 4 5 3 7 6 8 4 5 3 7 6 8 4 5 3 7 6 8 4 5 3 7 6 8 45 3 7 6 8 4 5 3 7 6 8 4 5 3 7 6 84  5 3 7 6 8 4 5 3 7 6 8 4 5 3 7 6 8 4 5 3 7 6 8 4 5 3 7 6 8 4 5 3 7 6 8 4 5 3 7 6 8 4 5  3 7 6 8 4 5 3 7 6 8 4 5 3 7 6 8 4 5 3 7 6 8 4 5 3 7 6 8 4 5 3 7 6 8 4 5 3 7 6 8 4 5 3 7 6 8 4 5 3 7 6 8 45 3 7 6 8 4 5 3 7 6 8 45 3 7 6 8 4 5 3 7 6 8 4 5 3 7 6 4 5 3 7 6 8 4 5 3 7 6 8 4 5 3 7 6 8 4 5 3 7 6 8 4 5 3 7 6 8 4 5 3 7 6 8 4 5 3 7 6 8 4 5 3 7 6 8 4 5 3 7 6 8 4 5 3 7 6 8 4 5 3 7 6 8 4 5 3 7 6 8 4 5 3 7 6 8 4 5 3 7 6 8 4 5 3 7 6 8 4 5 3 7 6 8 4 5 3 7 6 8 4 5 3 7 6 8 4 5 3 7 6 8 4 5 3 7 6 8 4 5 3 7 6 8 4 5 3 7 6 8 4 5 3 7 6 8 4 5 3 7 6 8 4 5 3 7 6 8 4 5 3 7 6 8 4 5 3 7 6 8 4 5 3 7 6 8 4 5 3 7 6 8 4 5 3 7 6 8 4 5 3 7 6 8 5 4 5 3 7 6 8 4 5 3 7 6 8 4 5 3 7 6 8 4 5 3 7 6 8 4 5 3 7 6 8 4 5 3 7 6 8 4 5 3 7 6 8 4 5 3 7 6 8 4 5 3 7 6 8 4 5 3 7 6 8 4  5 3 7 6 8 4 5 3 77 6 8 4 5 3 7 6 8 4 5 3 7 6 8 4 5 3 7 6 8 4 5 3 7 6 8 4 5 3 7 6 8 4 5 3 7 6 8 4 5 3 7 6 8 45 3 7 6 8 45 3 7 6 8 4 5 3 7 68 4 5 3 7 8 4 5 3 7 6 8 4 5 3 7 6 8 45 3 7 6 8 4 5 3 7 6 8 4 5 3 7 6 8 4 5 3 7 6 8 4 5 3 7 6 8 4 5 3 7 6 8 4 5 3 7 6 8 4 5 3 7 6 8 4  5 3 7 6 8 4 5 3 7 6 8 4 5 3 7 66 8 4 5 3 7 6 8 4 5 3 7 6 8 4 5 3 7 6 8 45 3 77 6 8 4 5 3 7 6 8 4 5 3 7 6 8 4 5 3 7 6 8 4 5 3 7 6 8 4 5 3 7 6 8 4 5 3 7 6 8 4 5 3 7 6 8 4 5 3 7 6 8 4 5 3 7 6 8 4 5 3 7 6 8 4 5 3 7 6 8 4 5 3 77 6 8 4 53 7 6 8  4 5 3 7 6 8 4 5 3 7 6 8 4 5 3 7 6 8 4 5 3 7 6 8 4 5 3 7 6 8 4 5 3 7 6 8 4 5 3 7 6 8 45 3 7 6 8 4 5 3 7 6 8 4 5 3 7 6 8 4 5 3 7 6 8 4 5 3 7 6 8 4 5 3 7 6 8 4 5 3 7 6 8 4 5 3 7 6 8 4 5 3 7 6 8 4 5 3 7 6 8 4 5 3 7 6 8 4 5 3 77 6 8 4 5 3 7 6 8 4 5 3 7 6 8 4 5 3 7 6 8 4 5 3 7 6 8 4 5 3 7 6 8 5 4 5 3 7 6 8 4 5 3 7 6 8 4 5 3 7 6 8 4 5 3 7 6 8 4 5 3 7 6 8 4 5 3 7 6 8 4 5 3 7 6 8 4 5 3 7 6 8 4 5 3 7 6 8 4 5 3 7 6 8 4 5 3 7 6 8 4 5 3 7 6 8 4 5 3 7 6 8 4 5 3 7 6 8 4 5 3 7 6 8 4 5 3 7 6 8 4 5 3 7 6 8 4 5 3 7 6 8 4 5 3 7 6 8 4 5 3 7 6 8 4 5 3 7 6 8 4 5 3 7 6 8 4 5 3 7 6 8 4 5 3 7 6 8 4 5 3 7 6 8 4 5 3 7 6 8 4 5 3 7 6 8 4 5 3 7 6 8 4 5 3 7 6 8 4 5 3 7 6 8 4 5 3 7 6 8 4 5 3 7 6 8 4 5 3 7 6 8 4 5 3 7 6 8 4 5 3 7 6 8 4 5 3 7 6 8 4 5 3 7 6 8 4 5 3 7 6 8 4 5 3 7 6 8 4 5 3 7 68 4 5 3 7 6 8 4 5 3 7 6 8 4 5 3 7  6 8 4 5 3 7 6 8 4 5 3 7 6 8 4 5 3 7 6 8 4 5 3 7 6 8 4 5 3 7 6 8 4 5 3 7 6 8 4 5 3 7 6 8 4 5 3 7 6 8 4 5 3 7 6 8 4 5 3 7 6 8 4 5 3 7 6 8 4 5 3 4 5 3 7 6 8 4 5 3 7 6 8 4 5 3 7 6 8 4 5 3 7 6 8 4 5 3 7 6 8 4 5 3 7 6 8 4 5 3 7 6 8 4 5 3 7 6 8 4 5 3 7 6 8 4 5 3 7 6 8 4 5 3 7 6 8 4 5 3 7 6 8 4 5 3 7 6 8 4 5 3 7 6 8 4 5 3 7 6 8 4 5 3 4 5 7 66 8 4 5 3 7 6 8 4 4 5 3 7 6 8 4 5 3 7 6 8 45 3 7 6  8 4 5 3 7 6 8 4 5 3 7 6 8 4 5 3 7 6 8 4 5 3 7 6 8 4  5 3 7 6 8 4 5 3 7 6 8 4 5 3 7 6 8 4  5 3 7 6 8 4 5 3 7 6 8 4 5 3 7 6 8 4 5 3 7 6 8 4 5 3 7 6 8 4 5 3 7 6 8 4 5 3 7 6 8 4 5 3 7 6 8 4 5 3 7 6 8 4 5 3 7 6 8 4 53 7 6 8 4 5 3 7 6 8 4 5 3 7 6 8 4 5 3 7 6 8 4 5 3 7 6 8 4 5 3 7 6 8 4 5 3 7 6 8 4 5 3 7 6 8 4 53  7 6 8 4 5 3 7 6 8 4 5 3 7 6 8 4 5 3 7 6 8 4 5 3 7 6 8 4 5 3 7 6 8 4 5 3 7 6 8 4 5 3 7 6 8 4 5 3 7  6 8 4 5 3 7 6 8 4 5 3 7 6 8 4 5 3 7 6 8 4 5 3 7 6 8 4 5 3 7 6 8 4 5 3 7 6 8 4 5 3 7 6 8 4 5 3 7 6 8 4 5 3 7 6 8 4 5 3 7 6 8 4 5 3 7 6 8 4 5 3 7 6 8 4 5 3 7 6 8 4 5 3 7 6 8 4 5 3 7 6 8 4 5 3 7 6 8 5 3 4 5 3 7 6 8 4 5 3 7 6 8 4 5 3 7 6 8 4 5 3 7 6 8 4 5 3 7 6 8 4 5 3 7 6 8 4 5 3 7 6 8 4 5 3 7 6 8 4 5 3 7 6 8 4 5 3 7 6  8 4 5 3 7 6 8 4 5 3 7 6 8 4 k5 3 7 6 8 4 5 3 7 6 8 453 7 6 8 4 5 3 7 6 88 4 5 3 7 6 8 4 5 3 7 6 8 4 5 3 7 6 8 4 5 3 7 6 8 4 5 3 7 6 8 4 5 3 7 6 8 4 5 32 7 6 8 4 5 3 7 6 8 4 5 3 7 6 8 4 53 7 6 8 4 5 3 7 6 8 4 5 3 7 6 8 4 5 3 7 6 8 4 53 7 6 8 4 5 3 7 6 8 4 5 3 7  6 4 5 3 7 6 8 4 5 3 7 6 8 4 5 3 7 6 8 4 5 3 7 6 8 4 5 3 7 6  8 4 5 3 7 6 8 4 5 3 7 6 8 4 5 3 7 6 8 4 5 3 7 6 8 4 5 3 7 6 8 4 5 3 7 6 8 4 5 3 7 6 8 4 5 3 7 6 8 4 5 3 7 6 8 4 5 3 7 6 8 4 5 3 7 6 8 4 5 3 7 6 8 4 5 3 7 6 8 4 5 3 7 6 8 4 5 3 7 6 8 4 5 3 7 6 8 4 5 3 7 6 8 4 5 3 7 6 8 4k 5 3 7 6 8 4 5 3 7 6 8 4l 5 3 7 6 8 4 5 3 7 6 8 4 5 3 7 6 8 4 5 3 7 6 8 45 3 7 6 8 4 5 3 7 6 8 4 5 3 7 6 8 4 5 3 7 6 8 4 5 3  7 6 8 4 5 3 7 6 8 45 3 7 6 8 4 5 3 7 6 8 4 5 3 7 6 8 4 5 3 7 6 8 4 5 3 7 6 8 4 56 3 7 6 8 4 5 3 7 6 8 4 5 3 7 6 8 45 3 7 6 8 4 5 3 7 6 8 4 5 3 7 6 8 4 5 3 7 6 8 4 5 3 7 6 8 4 5 3 7 6 8 45 3 7 6 8 4 5 3 7 6 8 4 5 3 7 6 8 4 5 3 76 8 4 5 3 76 8 4 5 3 7 6 8 4 5 3 7 6 8 4 5 3 7 6 8 4 5 3 7 6 8 4 5 3 7 6 8 4 5 3 7 6 8 4 5 3 7 6 8 4 5 3 7 6 8 4 5 3 7 68 4 5 3 7 6 8 4 5 3 7 6 8 4 5 34 8  7 6 8 4 5 3 7 6 8 4 5 3 7 6 8 4 5 3 7 6 8 4 5 3 7 6 8 4 5 3 7 6 8 4 5 3 7 6 8 4 5 3 7 68 4 5 3 7 6 8 45 3 7 6 8 4 5 3 7 6 8 4 5 3 7 6 8 4 5 3 7 6 8 4 5 3 7 6 8 4 5 3 7 6 8 4 5 3 7 6 8 4 5 3 7 6 8 4 5 3 7 6 8 45 3 7 6 8 4 5 3 7 6  8 4 5 3 7 6 8 4 5 3 7 6 8 4 5 3 7 6 8 4 5 3 7 6 8 4 5 3 7 6 8 4 5 3 7 6 8 4 5 3 7 6 8 4 5 3 7 6 8 4 5 3 7 6 8 4 5 3 7 6  8 4 5 3 7 6 8 4 5 3 7 6 8 4 5 3 87 7 6 8 4 5 3 7 6 8 4 5 3 7 6 8 4 5  3 7 6 8 4 5 3 7 6 8 4 5 3 7 6 8 4 5 3 7 6 8 4k 5 3 7 6 8 4 5 3 7 6 8 4 4 34 5 3 7 6 8 4 5 3 7 6 8 4 5 3 7 6 8 4 5 3 7 68 4 5 3 7 6 8 4 5 3 7 6 8 4 5 3 7 6 8 4 5 3 7 6 8 4 5 3 7 6 8 4 5 3 7 6 8 4 53 7 6 8 4 53 7 68 4 5 3 7 6 8 3 4 5 3 7 6 8 4 5 3 7 6 8 3 4 5 3 7 6 8 4 5 3 7 6  4 5 3 7 6 8 4 5 3 7 6 8 4 5 3 7 6 8 4 5 3 7 6 8 4 5 3 7 6 8 4 5 3 7 76 8 4 5 3 7 6  48 4 5 3 7 6 8 4 5 3 7 6 8 7 6 8 4 5 3 7 6 8 4 5 3 7 6 8 4 5 3 7 6 8 4 5 3 7 6 8 4 5 3 7 6 8 4 5 3 7 6 8 7 6 8 7 6 8 7 6 8 7 6 8 7 6 8 4 5 3 77 6 8 4 5 3 7 6 8 4 5 3 7 7 6 8 4 5 3 7 6 8 4 5 3 7 6 8 4 5 3 7 6 88 4 5 3 7 6 8 4 5 3 7 6 8 4 5 3 77 6 8 4 5 3 7 6 8 4 5 3 7 6 8 4 5 3 7 6 8 4 5 3 7 68 4 5 3 7 6 8 4 5 3 7 6 8 4 5 3 7 6 8 4 5 3 7 6 8 4 5 3 7 6 8 4 5 3 7 6 8 4 5 3 7 6 8 4 5 3 7 6 8 4 5 37 6 8 4 5 3 7 6 8 4 5 3 7 6 8 4 5 3 7 6 8 4 5 3 7 6 8 4 5 3 7 6 8 45 3 7 6 8 4 5 3 87 6 8 4 5 3 7 6 8 4 5 37 68 4 5 3 7 6 8 4 5 37 68 4 5 3 7 6 8 4 5 3 7 6 8 4 5 3 7 6 8 4 5 37 6 8 4 5 3 7 6 8 4 5 37 6 8 4 5 37 6 8 4 5 5 3 7 6 8 4 5 3 7 6 8 4 5 37 68 4 5 37 6 8 4 5 3 7 76 8 4 5 3 7 6 8 4 5 3 7 6 8 4 5 3 7 6 8 4 5 3 7 6 8 45 3 7 6 8 4 5 3 7 6 8 4 5 3 7 6 8 4 5 3 7 6 8 4 5 3 7 6 8 4 5 3 7 6 8 4 53 7 6 8 4 5 3 7 6 8 4 5 3 7 6 8 4 5 3 7 66 8 4 5 3 7 6 8 4 5 3 7 6 8 4 5 3 7 6 8 4 5 37 6 8 4 5 37 6 8 4 5 3 7 6 8 4 5 3 7 6 8 5 t 4 5 3 7 6 8 4 5 3 7 6 8 4 5 3 7 6 8 4 5 3 7 6 8 4 5 3 7 6 8 4 5 3 7 6 8 4 5 3 7 6 8 4 5 3 7 6 8 4 5 37 6 8 4 5 3 7 6 8 4 5 3 7 6 8 4 5 3 7 6 8 4 5 3 7 6 8 45 3 7 6 8 4 5 3 7 6 8 4 5 3 7 6 8 4 5 3 7 6 8 4 5 3 7 6 8 4 5 3 7 6 8 4 5 3 7 6 8 4 5 37 6 8 4 5 3 7 6 8 84 5 3 7 68 4 5 3 7 6 8 4 5 3 7 6 8 4 5 3 7 6 8 4 5 3  7 6 8 45 3 7 68 4 5 3 7 6 8 4 5 3 7 6 8 4 5 3 7 6 8 4 5 3 7 6 8 4 5 3 7 6 8 4 5 37 6 8 4 5 37 6 8 4 5 3 7 6 8 4 5 37 68 4 5 3 7 6 8 4 5 3 7 6 8 4 5 3 7 6 8 4 5 3 7 6 8 4 5 3 7 6 8 4 5 37 6 8 4 5 3 7 68 4 5 3 7 6 8 4 5 3 7 6 8 4 5 3  77 6 8 4 5 3 7 68 4 5 3 7 6 8 4 5 3 7 6 8 4 5 3 7 6 8 4 5 3 7 6 8 4 5 3 7 6 8 4 5 3 7 6 8 4 5 3 7 6 8 4 5 3 7 6 8 4 5 3 7 6 8 4 5 3 7 6 8 4 5 3 76 8 4 5 3 7 6 8 4 5 3 7 6 8 4 5 3 7 6 8 4 5 37 6 8 4 5 3 7 6 8 4 5 3 7 6 8 4 5 3 7 6 8 4 5 3 7 6 8 4 5 3 7 6 8 4 5 3 7 6 8 4 5 3 7 6 8 4 5 3 7 6 8 4 5 3 7 6 8 4 5 3 7 6 8 4 5 3 7 6 8 4 5 3 7 6 8 4 5 3 7 6 84 a5 3 7 6 8 4 5 3 7 6 8 4 5 3 7 6 8 4 5 3 7 6 8 4 5 3 7 6 8 4 5 3 7 6 8 4 5 3 7 6 8 4 5 3 7 6 8 4 5 3 7 6 8 45 3 7 6 8 4 5 3 7 6  9 4 5 3 7 6 8 4 5 3 7 6 8 4 5 3 7 6 8 4 5 3 7 6 8 45 3 7 6 8 4 5 3 7 68 4 5 3 7 6 8 4 5 3 7 6 8 4 5 3 7 6 8 4 5 3 7 6 8 4 5 3 7 6 8 4 5 3 7 6 8 4 5 3 7 6 8 4 5 3 7 6 8 4 5 37  6 8 4 5 3 7 6 8 4 5 3 7 6 8 4 5 3 7 6  48 4 5 3 7 6 8 4 5 3 7 6 8 4 5 3 7 6 8 4 5 3 7 6 8 4 5 3 7 6 8 4 5 3 7 6 8 4 5 3 7 6 8 4 5 3 7 6 8 4 5 3 7 6 8 4 5 3 7 6 8 4 5 3 7 6 8 4 5 3 7 6 8 4 5 3 6 8 4 5 3 7 6 8 4 5 3 7 6 8 4 5 3 7 6 8 4 5 3 7 68 4 5 3 7 6 8 4 5 3 76 8 4 5 3 7 6 8 4 5 3 7 6 8 4 5 3 7 6 8 4 5 3 7 6 8 4 5 3 7 6 8 4 5 3 7 6 8 4 5 3 7 6 8 4 5 3 7 6 8 4 5 3 7 6 8 4 5 3 7 6 8 4 5 3 7 6 8 4 5 3 7 6 8 4 5 3 7 6 8 4 5 3 7 68 4 5 3 7 6 8 4 5 3 7 6 8 4 5 3 7 6 8 4 5 3 7 6 8 4 5 3 7 6 8 4 5 3 7 6 8 4 5 3 7 6 8 4 5 3 77 68 4 5 3 7 6 8 4 5 3 7 6 8 4 5 3 7 6 8 4 5 3 7 6 8 4 5 3 7 6 8 4 5 3 7 6 8 4 5 3 7 6 8 4 5 3 7 6 8 4 5 3 7 6 8 4 5 3 7 6 8 4 5 3 7 6 8 4 5 3 7 6 8 4 5 3 7 6 8 4 5 3 7 6 8 4 5 3 7 6 8 4 5 3 7 6 8 4 5 3 7 6 8 4 5 3 7 6 8 4 5 3 7 6 8 4 5 3 7 6 8 4 5 37 6 8 4 5 3 7 68 4 5 3 7 t6 8 4 5 3 7 6 8 4 5 3 7 6 8 7 6 8 7 6 8 7 6 8 7 6 8 4 5 3 7 6 8 4 5 3 7 68 4 53 7 6 8 4 53 3 7 6 8 4 5 3 7 6 8 4 5 3 7 6 8 4 5 3 7 6 8 4 5 3 7 6 8 4 5 3 7 6 8 4 5 3 7 6 8  4 5 3 77 6 8 4 5 3 7 6  8 4 5 3 7 6 8 4 5 3 7 6 8 4 5 3 7 6  8 4 5 3 7 6 8 4 5 3 7 6 8 4 5 3 7 6 8 4 5 3 7 6 8 4 5 3 7 6 8 4 5 3 7 6 8 4 5 3 7 6 8 4 5 3 77 6 8 4 5 3 7 6 8 4 5 3 7 6 8 4 5 3 7 6 8 4 5 3 7 6 8 4 5 3 7 6 8 4 5 3 7 6 8 4 5 3 7 6 8 8 4 5 3 7 6 8 4 5 3 7 68 4 5 3 7 6 8 4 5 3 7 6 8 4 5 3 7 6 8 4 5 3 7 6 8 4 5 3 7 6 8 4 5 3 7 6 8 4 5 3 7 6 8 4 5 3 7 6 8 4 5 3 7 6 8 4 5 3 7 6 8 4 5 3 7 6 8 4 5 3 7 6 8 4 5 3 77 6 8 4 5 3  7 6 8 4 5 3 7 6 8 4 5 3 7 6 8 4 5 3 87 6 8 4 5 3 77 6 8 4 5 3 7 6 8 4 5 3 7 6  8 4 5 3 7 6 8 4 5 3 7 6 8 4 5 3 7 6 8 4 5 3 7 6 8 4 5 3 7 6 8 4 5 3 7 6 8 4 5 3 7 6 8 4 5 3 77 6 8 4 5 3 7 6 8 4 5 3 7 6 8 4 5 4 5 3 7 6 8 4 5 3 7 6 8 4 5 3 7 6 8 4 5 3 4 7 6 8 4 5 3 7 6 8 4 5 3 7 6 8 4 5 3 7 6 8 4 5 3 7 6 8 4 5 3 7 68 4 5 3 7 8 4 5 3 7 6 8 4 5 3 7 6 8 4 5 3 7 6 8 4 5 3 7 6 8 4 5 3 7 6  8 4 5 3 7 6 8 4 5 3 7 6 8 4 5 3 7 6 8 4 5 3 7 6 8 4k 5 3 7  8 4 5 3 7 6 8 4 5 3 7 6 8 4 5 3 7 6 8 4 5 37 6 8 4 5 3 7 6 8 4 5 3 7 68 4 5 3 7 6 8 4 5 3 7 6 8 4 5 3 7 6 8 4 5 3 7 6 8 4 5 3 7 6 8 4 5 3 7 68 4 5 3 7 6 8 4 5 3 7 6 8 4 5 3 7 6 8 4 5 3 7 6 8 4 5 3 7 68 4 5 3 7 6 8 45 3 77 6 8 4 5 3 7 6 8 4 5 3 7 6 8 4 5 3 7 6 8 4 5 3 7 6 8 4 5 3 7 6 8 4 5 3 7 6 8 4 5 3 7 6 8 4 5 3 7 6 8 4 5 3 7 6 8 4 5 3 7 6 8 4 5 3 7 6 8 4 5 3 7 6 8 4 5 3 7 6 8 4 5 3 7 6 8 4 5 3 7 6 8 4 5 3 7 6 8 4 5 3 7 6 8 4 5 3 8 7 6 4 5 3 7 6 8 4 5 3 7 6 8 4 5 3 7 6 8 4 5 3 7 6 8 4 5 3 7 6 8 4 5 3 7 6 8 45 3 7 6 8 4 5 3 7  6 8 4 5 3 7 6 8 4 5 3 7 6 8 4 5 3 7 68 4 5 3 7 6 8 4 5 3 7 6 8 4 5 3 7 6 8 4 5 3 7 6 8 4 5 3 7 6 8 4 5   3 4 5 3 7 6 8 4 5 3 7 6 8 4 5 3 7 6 8 4 5  3 7 6 8 3 4 5 3 7 66 8 3 4 5 3 7 6 8 4 5 3 7 6 8 4 5 3 7 6 8 4 5 3 7 6 8 4 5 3 7 6 8 4 5 3 7 6 8 4 5 3 7 6 8 4 5 3 7 6 8 4 5 3 7 6 8 4 5 3 7 6 8 4 5 3 7 6 8 4 5 3 7 6 8 4 5 3 7 6 8 4 5 37 6 8 4 5 3 7 6 8 4 5 37 6 8 4 5 37 6 8 4 5 3 7 6 8 4 5 3 7 6 8 4 5 3 7 6 8 4 5 3 4 5 3 7 68 4 5 3 7 6 8 4 5 3 7 6 8 4 5 3 7 6 8 4 5 3 7 6 8 4 5 3 7 6 8 4 5 3 7 6 8 4 5 3 7 6 8 4 5 3 7 6 8 4 5 3 7 6 8 4 5 3 8 7 6 8 4 5 3 7 6 8 4 5 3 7 6 8 4 5 3 7 6 8 4 5 3 7 6 8 4 5 3 7 6 8 4 5 3 7 6 8 4 5 3 7 6 8 4 5 3 7 6 8 4 5 3 7 6 8 4 5 3 7 6 8 4 5 3 7 6 8 4 5 3 7 6 8 4 5 3 7 6 8 4 5 3 7 6 8 4 5 3 7 6 8 4 5 3 7 6 8 4 5 3 7 68 4 5 3 7 6 8 4 5 3 7 6 8 4 5 3 7 6 8 4  5 3 7 68 4 5 3 7 6 8 4 5 3 7 6 8 4 5 3 7 68 4 5 3 7 6 8 4 5 3 7 6 8 4 5 3 7 6 8 4 5 3 7 6 8 4 5 3 7 6 8 4 5 3  776 8 4 5 3 7 6 8 4 5 3 7 6 8 4 5 3 7 6 8 45 3 7 6 8 4 5 3 7 6 8 4 5 3 7 6 8 4 5 3 7 6 8 4 5 3 7 6 8 4 5 3 7 6 8 4 5 3 7 6 8 4 5 3 7 6 8 4 5 3 7 6 8 4 5 37  68 4 5 3 7 6 8 4 5 3 7 68 4 5 3 7 6 8 4 5 3 7 6 8 4 5 3 7 6 8 4 5 3 7 6 8 4 5 3 7 6 8 4 5 3 7 6 8 4 5 3 7 6 8 4 5 3  7 6 8 4 5 3 7 6 8 4 5 3 7 6 8 4 5 3 7  6 8 4 5 3 7 6 8 4 5 3 7 6 8 4 5 3 7 6 8 4 5 3 7 6 8 4 5 3 7 6 8 4 5 3 7 6 8 45 3 7 6 8 4kl 5 3 4 5 3 7 6 8 4 5 3 7 6 8 4 5 3 7 6 8 4 5 3 7 6 8 4 5 3 7 6 8 4 5 3 7 6 8 4 5 3 7 68 4 5 3 7 6 8 4 5 3 7 6 8 4 5 3 7 6 8 45 3 7 6 8 4 5 3 7 6 8 4 5 37  6 8 4 5 3 7 6 8 4 5 3 7 6 8 4 5 3 7 6 8 4 5 3 7 6 8 4 5 3 7 6 8 4 5 3 7 6 8 4 5 3 7 6 8 4 5 3 7 6 8 4 5 3 7 6 8 4 5 3 7 6 8 4 5 3 7 6 8 4 5 3 7 6 8 4 5 3 7 6 8 4 5 3 7 6 8 4 5 6  4 5 3 7 6 8 4 5 3 7 6 8 4 5 3 7 6 8 4 5 3 7 6 8 4 5 3 7 6 8 4 5 3 7 6 8 4 5 3 7 68 4 5 3 7 6 8 4 5 3 7 6 8 4 5 3 7 6 8 4 5 3 7 6 8 4 5 3 7 6 8 4 5  3 7 6 8 4 5 3  7 6 8 4 5 3 7 6 8 4 5 3 7 6 8 4 5 3 7 6 8 4 5 3 7 6 8 4 5 3 7 6 8 34 5 3 7 6 8 4 5 37 6 8 4 5 3 7 6 8 4 5 3 7 68 4 5 3 7 6 8 4 5 3 7 6 8 4 5 3 7 6 8 4 5 3 7 6 8 4 5 3 7 6 8 4 5 3 7 6 8i 4 5 3 7 6 8 4 5 3 7 6 8 4 5 3 7 6 8 4 5 3 7 6 8 4 5 3 7 6 8 4 5 3 7 6 8 4 5 3 7 6 8 4 5 3 7 6 8 4 5 3 7 6 8 4 5 3 7 6 8 4 5 3 7 6 8 4 5 3 7 6 8 4 5 3 7 6 8 4 5 3 7 6 8 4 5 3 7 6 8 4 5 3 7 6 8 4 5 3 7 6 8 4 5 3 7 6 8 4 5 3 7 6 8 4 5 3 7 6 8 4 5 3 7 6 8 4 5 3 7 6 8 4 5 3 7 6 8 4 5 3 7 6 8 4 5 3 7 6 8 4 5 3 7 6 8 4 5 3 7 6 8 4 5 3 7 6 8 4 5 3 7 6 8 4 5 3 7 6 8 4 5 3 7 6 8 4 5 3 7 6 8 4 5 3 7 6 8 4 5 3 7 6 8 4 5 3 7 6 8 4 5 3 7 6 8 4 5 3 7 6 8 4 5 3 7 6 8 4 5 3 7 6 8 4 5 3 7 6 8 4 5 3 7 6 8 4 5 3 7 6 8 4 5 3 7 6 8 4 5 3 7 6 8 4 5 3 7 6 8 4 5 3 7 6 8 4 5 3 7 6 8 4 5 3 7 6 8 4 5 3 7 6 8 4 5 3 7 6 3  4 5 4 5 3 7 6 8 4  5 3 7 6 8 4 5 3 7 6 8 4 5 3 7 6 8 4 5 3 7 6 8 4 5 3 7 6 8 4 5 3 7 6 8 4 5 3 7 6 8 4 5 3  67 6 8 4 5 3 7 6 8 4 5 3 7 6 8 4 5 3 7 6 8 4 5 3 7 6 8 4 5 3 7 6 8 4 5 3 8 7 6 8 4 5 3 7 6 8 4  5 37  6 8 4 5 3 7 6 8 4 5 3 7 6 8 4 5 3 7 6 8 4 5 3 7 6 8 4 5 3 7 6 8 4 5 3 7 6 8 4 5 3 7 6 8 4 5 37  6 8 4 5 3 7 68 4 5 3 7 6 8 4 5 3 7 6 8 4 5 3 7 6 8 4 5 3 7 6 8 4 5 3 7 6 8 4 5 3 7 6 8 4 5 3 7 6 8 4 5 3 7 6 8 4 5 3 7 6 8 4 5 3 77 6 8 4 5 3  7 6 8 4 5 3 7  6 8 4 5 3 7 6 8 4 5 3 7 6 8 4 5 3 7 6 8 4 5 37  6 8 4 5 3 u7 6 8 4 5 3 7 68 4 5 3  7 6 8 4 5 3 7 6 8 4 5 3 7  6 8 4 5 3 7 6 8 4 5 3 7 6 8 4j 5 37 4 5 3 7 6 8 4 5 3 7 6 8 4 5 3 7 6 8 4 5 3 7 6 8 4 5 3 7 6 8 4 5 3 7 6 8 4 5 3 7 6 8 4 5 3 87 6 8 4 5 3 7 6 8 4 5 3 7 6 8 4 5 3 7 6 8 4 5 3 7 6 8 4 5 3 7 6 8 4 5 3 7 6 8 4 5 3 7 6 8 4 5 3 7 6 8 4 5 3 7 6 8 4 5 3 7 6 8 4 5 3 7 6 8 4 5 3 7 6 8 4 5 3 7 6 8 4 5 3 6 8 4 5 3 7 6 8 4 5 3 7 68 4 5 3 7 6 8 4 5 3 7 6 8 4 5 37  6 8 4 5 3 7 6 8 4 5 37  6 8 4 5 37 6 8 4 5 3 7 6 8 4 5 37 6 8 4 5 3 7 6 8 4 5  7 3 4 5 7 6 8 4 5 3 7 6 8 4 5 37 6 8 4 5 37 68 4 5 3 7 6 8 4 5 3 7 6 8 4 5 3 7 68 4 5 3 7 6 8 4 5 3 7 6 8 4 5 3 7 6 8 4 5  7 6 8 4 5 3 7 6 8 4 5 3 7 6 8 4 5 3 7 6 8 4 5 3 7 6 8 4 5 3 7 6 8 4 5 3 7 6 8 4 5 3 7 6 8 4 5 3 7 6 8 4 5 3 7 6 8 4 5 3 7 6 8 4 5 3 7 6 8 4 5 3 7 6 8 4 5 3 7 6 8 4 5 3 7 6 8 4 5 3 7 6 4 5 3 7 6 8 4 5 37 6 8 4 5 3 7 6 8 4 5 3 7 6 8 4 5 3 7 6 8 4 5 3 7 76 8 4 5 3 7 68 4 5 3 7 6 8 4 5 3  7 6 8 4 5 3 7 68 4 5 37 6 8 4 5 3 77 6 8 4 5 3 7 6 8 4 5 3 7 68 4 5 3  7 6 8 4 5 3 7 68 4 5 3 7 68 4 5 3 7 6 8 4 5 3 7 6 8 4 5 3 7 6 8 4 5 3 7 6 8 4 5 3 7 6 8 4 5 3 7 6 8 4 5 3 7 6 8 4 5 3 7 6 8 4 5 3 7 6 8 4 5 3 7 6 8 4 5 3 7 6 8 4 5 3 7 6 8 4 5 3 7 6 8 4 5 3 7 6 8 4 5 3 7 68 4 5 3  7 6 8 4 5 3 7 6 8 4 5 3 7 6 8 4 5 3 7 6 8 4 5 3 7 6 8 4 5 3 7 6 8 45 3 77  8 4 5 3 7 6 8 4 5 3 7 6 8 4 5 3 7 6 8 4 5 3 7 6 8 4 5 3 7 6 8 4 5 3 7 6 8  4 5 3 8 7 6 8 4 5 3 7 68 4 5 3 7 6 8 4 5 3 7 6 8 4 5 3 7 6 8 4 5 3 7 6 8 4 5 3 7 6 8 4 5 3 7 6 8 4 5 3 7 6 8 4 5 3 7 6 8 4 5 3 7 6 8 4 5 3 7 6 8 4 5 3 7 6 8 4 5 3 7 6 8 4 5 3 7 6 8 4 5 3 7 6  48 4 5 3 7 6 8 4 5 3 7 6 8 4 5 3 7 6 8 4 5  3 7 6 8 4 5 3 7 6 8 4 5 3 7 6 8 4 5 3 7 6 8 4 5 3 7 6 8 4 5 3 7 6 8 4 5 3 7 6 8 4 5 3 7 6 8 4 5 3 7 6 8 4 5 3 7 6 8 4 5 3 7 6 8 4 5 3 7 6 8 4 5 3 7 6 8 4 5 3 7 6 8 4 5 3 7 6 8 4 5 3 7 6 8 4 5 3 7 6 8 4 5 3 7 6 8 45 3 7 6 8 4 4 5 3 7 6 8 4 5 3 7 6 8 4 5 3 7 6 8 4 5l 3 7 6 8 4 5 3 7 6 8 4 5 3 7 6 8 4 5 3 7 6 8 4 5 3 7 6 8 4 5 3 7 6 8 4 5 3 7 6 8 y7 6 8 7 6 8 4 5 37 6 8 4 5 3 7 6 8 4 5 3 7 68 4 5 3 4 5 3 7 6 8 4 5 3 7 6 8 4 5 3 7 6 8 4 5 3 7 6 8 4  5 37 6 8 4 5 3 7 6 8 4 5 3 7 6 8 4 5 3 7 6 8 4 5 3 7 6 8 4 5 3 7 6 8 4 5 3 7 6 8 4 5 3 8 7 6 8 7 6 8 4 5 3 7 6 8 4 5 3 7 6 8 4 5 3 7 6 8 4 5 3 7 6 8 4 5 3 7 6 8 4 5 3 7 6 8 4 5 3 7 68 4 5 3 7 6 8 4 5 3 7 6 8 4 5 3 7 68 4 5 3 7 6 8 4 5 3 7 6 8 4 5 3 7 6 88 4 5 3 7 6 8 4 5 3 7 6 8 4 5 3 7 6 8 4 5 3 7 6 8 4 5 3 7 6 8 4 5 3 7 6 8 4 5 3 7 6 8 4 5 3 7 6 8 4 5 3 7 6 8 4 5 3 7 6 8 4 5 3 7 6 8 4 5 3 7 6 8 7 6 8 7 6 8 7 6 8 4 5 3 7  6 8 4 5 3 7 6 8 4 5  37 6 8 4 5 3 7 6 8 4 5 3 7 6 8 4 5 3 7 6 8 4 5 3 7 6 8 4 5 3 7 68 4 5 3 7 68 4 5 3 7 68 4 5 3 7 6 8 4 5 3 7 6 8 4 5 3 77 6 8 4 5 3 7 6 8 4 5 3 7 6 8 4 5 3 7 6 8 4 5 37 6 84 5 3 7 6 8 4 5 3 7 6 8 4 5 3 7 6 8 4 5 3 7 6 8 4 5 3 7 6 8 4 5 3 7 6 8 4 5 3 7 6 8 4 5 3 7 6 8 4 5 3 7 6 8 4 5 3 7 6 8 4 5 3 7 6 8 4 5 3 7 6 8 4 5 3 7 6 8 4 5 3 7 6 8 4 5 3 7 6 8 4 5 3 7 6 8 4 5 3 7 6 8 4 5 3 7 6 8 4 5 3 7 6 8 4 5 3 7 6 8 4 5 3 7 6 8 4 5 3 7 6 8 4 5 3 7 6 8 4 5 3 7 6 8 4 5 3 7 6 8 4 5 3 7 6 8 4 5 3 7 6 8 4 5 3 77 6 8 4 5 3  7 6 8 4 5 3 7 6 8 4 5 3 7 6 8 4 5 3 7 6 8 45 3 7 68 4 5 3 7 6 8 4 5 3 7 6 8 4 5 3 7 6 8 4 5 3 7 6 8 4 5 3 7 6 8 4 5 3 7 6 8 4 5 37 6 8 4 5 37  6 8 4 5 7 68 4 5 3 7 6 8 4 5 3 7 6 8 4 5 3 7 6 8 4 5 3 7 6 8 4 5 3 7 6 8 4 5 3 7 6 8 4 5 3 7 6 8 4 5 3 7 6 8 4 5 3 7 6 8 4 5 3 7 6 8 4 5 3 7 6 8 4 5 3 7 6 8 4 5 3 7 6 8 4 5 3 7 6 8 4 5 3 7 6 8 4 5 3 7 6 8 4 5 3 7 6 8 4 5 3 7 6 8 4 5 3 7 6 8 4 5 3 7 6 8 4 5 3 7 6 8 4  5 3 7 6 8 4 5 3 7 6 8 4 5 3  7 6 8 4 5 3 7 6 8 4 5 3 7 6 8 4 5 3 7 6 8 4 5 3 7 68 4 5 3 7 6 8 45 3 4 5 3 7 6 8 4 5 3 7 6 8 4 5 3 7 6 8 4 5 3 7 6 8 4 5 3  7 6 8 4 5 3 7 6 8 4 5 3 7 6 8 4 5 3 7 6 8 4 5 3 7 6 8 4 5 3 7 6 8 4 5 3 7 6 8 4 5 3 7 6 8 4 5 3 7 8 4 5 3 7 6 8 4 5 3 7 6 8 4 5 3 7 6 8 4 5 3 7 6  9 4 5 3 87 6 8 4 5 3 7 6  48 4 5 3 7 6 8 4 5 3 7 6 8 4 5 3 7 6 8 4 5 3 7 6 8 4 5 3 7 6  8 4 4 5 3 7 6 8 4 5 3 7 6  8 4 5 3 7  6 8 4 5 3 7 68 4 5 3 7 6 8 4 5 3 77 6 8 4 5 3 7 6 8 4 5 3 7 6 8 4 5 7 6 8 4 5 3 7 6 8 4 5 37 6 8 4 5 3 7 6 8 4 5 3 7 6 8 4 5 3 7 6 8 4 5 3 7 6 8 4 5 3 7 6 8 4 5 3 7 6 8 4 5 3 7 6 8 4 5 3 7 6 8 4 5 3 7 6 8 4 5 3 7 6 8 4 5 3 7 6 8 4 5 3 7 6 8 4 5 3 7 6 8 4 5 3 7 6 8 4 5 3 7 6 8 4 5 3 7 6 8 4 5 3 7 6 8 4 5 3 7 6 8 4 5 3 7 6 8 4 5 3 7 6 8 4 5 3 7 6 8 4 5 3 7 6 8 4 5 3 7  6 8 4 t 5 3 7 6 8 4 5 3 7 6 8 4 5 3 7 6 8 4 5 3 7 6 8 4 5 3 7 6 8 4 5 3 7  6 8 4 5 3 7 6 8 4 5 3 7 6 8 4 5 3 7 6 8 4 5 3 7 6 8 4 5 3 7 6 8 4 5 3 7 6 8 4 5 3 7 6 8 4 5 3 7 6 8 4 5 3 7 6 8 4 5 3 7 6  48 4 5 3 7 6 8 4 5 3 7 6 8 4 5 37 6 8 4 5 3 7 6 8 4 5 3 7 6 8 4 5 3 7 6 8 4 5 3 7  6 8 4 5 37 6 8 4 5 37 6 8 4 5 3 7 6 8 4 5 3 7 6 8 4 5 7 6  8 4 5 3 7 6 8 4 5 37 6 8 4 5 3 7 6 8 4 5 3  7 6 8 4 5 3 7 6 8 4 5 3 7 6 8 4 5 3 7 6 8 4 5 3 7 6 8 4 5 3 7 6 8 4 5 3 7 6 8 4 5 3 7 6 8 4 5 3 7 6 8 4 5 3 7 6 8 4 5 3 7 6 8 4 5 3 7 6 8 4 5 3 7 6 8 4 5 3 7 6 8 4 5 3 7 6 8 4 5 3 7 6 8 4 5 3 7 6 8 4 5 3 7 6 8 4 5 3 7 68 4 5 3 7 68 4 5 73 7 6 8 4 5 3  7 6 8 4 5 3 7 6 8 4 5 3 7 6 8 4 5 3 7 6 8 4 5 3 7 6 8 4 5 3 7 6 8 4 53  7 6 8 4 5 3 7 6 8 4 5 3 7 6 8 4 5 3 7 6 8 4 5 3 7 6 8 4 5 3 7 6 8 4 5 3 7 6 8 4 5 3 7 6 8 4 5 3 7 6 8 4 5 3 7 6 8 4 5 3 7 6 8 4 5 33 7 6 8 4 5 3 7 6  8 4 5 3 7 6 8 4 5 3 7 6 8 4 5 3 7 6 8 4 5 3 7 6 8 4 5 3 7 6 8 4 5 3 7 6 8 4 5 3 7 6 8 4 5 37 6 8 4 5 3 7 6 8 4 5 3 7 6 8 4 5 3 7 6 8 4 5 3 7 6 8 4 5 3 7 6 8 4 5 3 7 6 8 4jj 5 3 7 6 8 4 5 3 7 6 8 4 5 3 7 6 8 4 5 3 7u 6 8 4 5 3 7 6 8 4 5 3 7 6 8 4 5 3 7 6 8 4 5 3 7 6 8 4 5 3 7 6 8 4 5 3 ;7 6 8 4 5 3 7 6 8 4 5 3 7 6 8 4 5 3 7 6 8 4 5 3 7 6 8 4 5 3 7 6 8 4 5 34 7 6 8 4 5 3 7 6 8 4 5 3 7 6 8 4k 5 3 77 6 8 4 5 3 7 6 8 4 5 37 6 8 7 6 8 7 6 8 4 5 3 7 6 8 4 5 3 7 6 8 45 3 7 6 8 4 5 3 7 6 8 4 5 3 7 6 8 4 5 3 7 6 8 4 5 3 7 6 8 4 5 3 7 6 8 4 5 3 7 d6 8 4 5 3 7 6  8 4 5 3 7 6 8 4 5 3 7 6 8 4 5 3 7 6 8 7 6 8 4 5 3 7 6 8 4 5 3 7 6 8 4 5 3 7 6 8 4 5 3 7 6 8 4 5 3 7 6 8 4 5 3 7 6 8 4 5 3 7 6 8 4 5 3 7 6 8 4 5 3 7 6 8 4 5 3 7 6 8 l4 5 3 7 6 8 4 5 3 7 6 8 4 5 3 7 6 8 4 5 3 7 6 8 4 5 3 7 6 8 45 3 7 6 8 4 5 3 7 6 8 4 5 3 7 6 8 4 5 3 7 6 8 4 5 3 7u 6 8 4 5 3 7  6 8 4  5 37 6 8 4 5 3 7 6 8 4 5 3 7 6 8 4 5 3 7 6 8 4 5 3 7 6 8 4 5 3 7 6 8 4 5 3 7 6 8 4 5 3 7 6 8 4 5 3 7 6 8 4 5 3 7 6 8 4 5 3 7 6 8 4 5 3 7 6 8 4 5 3 7 6 8 4 5 3 7 6 8 4 5 37 6 8 4 5 37 6 8 4 5 3 7 6 8 4 5 3 7 6 8 4 5 37 6 8 4 5 37 6 8 4 5 3 7 6 8 4 5 3  7 6 8 4 5 3 7 6 8 4 5 3 7 6 8 4 5 3 7 6 8 4 5 37  6 8 4 5 3 7 6 8 4 5 3 7 6 8 4 5 3 7 6 8 4 5 3 7 6 8 4 5 37 6 8 4 5 3 7 6 8 4 5 3 7 6 8 4 5 3 7 6 8 4 5 3 7 6 8 4 5 3 7 6 8 4 5 3  6 8 4 5 37 6 8 4 5 3 7 7  8 4 5 3 7 6 8 4 5 3 7 6 8 4 5 3 7 6 8 4 5 3 7 6 8 4 5 3 7 6 8  4 5 3 7 6 8 4 5 37 6 8 4 5 3 7 6 8 4 5 3 7 6 8 4 5 3 7 6 8 4 5 3 7 6 8 45 3 7 6 8 4 5 3 7 6 8 4 5 37 6 8 4 5 3 7 6 8 4 5 3 7 6 8 7 6 8 7 6 8 7 6 98 4 5 3 7 6 8 4 5 3 7 6 8 4 5 3 7 6 8 4l 5 3 7 6 8 4 5 3 7 6 8 4 5 3 7 6 8 4 5 3 7 6 8 4 5 3 7 6 8 4 5 3 7 6 8 4 5 37 6 8 4 5 3 7 6 8 4 5 3 7 6  8 4 5 3 7 6 8 4 5 3 7 6 8 4 5 3 7 6 8 4 5 3 7 6 8  4 5 37 6 8 4 5 3 7 6 8 4 5 3 7  6 8 4 5 3 7 6 8 4 5 3 7 6 8 4 5 3 7 6 8 4 5 37  6 8 4 5 3 7 6 8 4 5 37 6 8 4 5 3 7 6 8 4 5 3 7 6 8 4 5 37  6 8 4 5 3 7 6 8 4 5 37  6 8 4 5 3 7 6 8 4 5 3 7 6 8 4 5 3 7 6 8 4 5 3 7 6 8 4 5 3 7 6 8 4 5 3 7 6 8 4 5 3 7 6 8 4 5 37 6 8 4 5 3 7 6 8 4 5 3 7 6 8 4 5 3 7 6 8 4 5 3 7 6 8 4 5 37 6 8 4 5 3 7 6 8 4 5 37  6 8 4 5 3 7 6 8 4 5 3 7 6 8 4 5 3 7 6 8 4 5 3 7 6 8 34 5 3 7 6 8 453 7 6 8 4 5 3 7 6 8 4 5 37 6 8 4 5 3 7 6 8 4 5 37 6 8 4 5 3 7 6 8 4 5 3 7 6 8 4 5 37 6 8 4 5 37 6 8 4 5 3 77 6 8 4 5 37  6 8 4 5 3 7 6 8 4 5 3 7 6 8 4 5 3 7 6 8 4 5 3 7 6 8 4 5 3 7 6 8 4 5 3 7 6 8 7 6 8 7 6 8 4 5 3 7 6 8 4 5 3 7 6 8 4 5 3 7 6 8 4 5 3 7 6 8 45  3 7 6  8 4 5 3 7 6 8 4 5 3 77 6 8 4 5 3 7 6 8 4 5 3 7 6 8 4 5 3 7 6 8 4 5 3 7 6 8 4 5 3 7 6 8 4 5 3  7 6 8 4 5 3 7 6 8 4 5 3 7 6 8 4 5 3 7 6 8 4 5 3 7 6 8 4 5 3 7 6 8 4 5 3 7 6 8 4 5 3 7 6 8 4 5 3 7 6 8 4 5 3 7 6 8 4 5 3 7 6 8 4 5 3 7 6 8 4 5 37 6 8 4 5 3 7 6 8 4 5 37 6 8 4 5 3 7 6 8 4 5 3 7 6 8 4 5 3 7 6 8 4 5 37 6 8 4 5 3 7 6 8 4 5 37  6 8 4 5 3 7 6 8 4 5 3 7 6 8 4 5 3 7 6 8 4 5 3 7 6 8 4 5 3 7 6 8 4 5 3 7 6 8 4 5 37 6 8 4 5 37 6 8 4 5 3 7 6 8 4 5 3 7 6 8 4 5 3  7 6 8 4 5 37 6 8 4 5 3 7 6 8 4 5 3 7 6 8 4 5 3 7 6 8 4 5 3 7 6 8 4 5 3 77 6 8 4  35 3 7 6 8 4 5 3  7 6 8 4 5 3 7 67 6 8 4 5 3 7 6 8 4 5 3 7 6 8 4 5 3 7 6 8 4 5 3 7 6 8 4 5 3 7 6 8 4 5 3 7 6 8 7 6 8 7 6 8 4 5 3 7 6 8 4 5 3l 7 6 8 4 5 3 7 6 8 7 6 88 7  6 8 7 6 8 7 6 8 7 6 88 4 5 3 7 6 8 4 5 3 7 6 8 4 5 3 7 6 8 4 5 3 7 6 8 4 5 3 7 6 8 4 5 37 6 8 4 5 3 7  6 8 4 5 3 7 6 8 4 5 3 7 6 8 4 5 3 7 6 8 4 5 37 6  8 4 5 3 7 6 8 4 5 3 7 6 8 4 5 37 6 8 4 5 3 7 6  8 4 5 3 7 6 8 4 5 3 7 6 8 4 5 3 7 6 8 4 5 37 6 8 4 5 3 7 6 8 4 5 3 7 6 8 7 6 8 7 6 8 4 5 3 7 6 8 4 5 3 7 6 8 4 5 3 7 6 8 4 5 37 6 8 4 5 3 7 6 8 4 5 37 6 8 4 4 3 7 6 8 4 5 37 6 8 4 5 3 7 6 8 4 5 3 7 6 8 4 5 37  6 8 4 5 3 7 6 8 4 5 37 6 8 4 5 3 7 6 8 4 5 3 7 6 8 4 5 37 6 8 4 5 37 6 8 4 5 3 7 6 8 4 5 3 7 6 8 4 5 3 7 6 8 4 5 37 6 8 4 5 3 7 6 8 4 5 3 7 6 8 4 5 3 7 6 8 4 5 3 7 6 8 4 5 3 7 6 8 4 5 3 7 6 8 4 5 3 77 6 8 4 5 37 6 8 4 5 3 7 6 8 4 5 3 7 6 8 4 5 3 77 6 8 4 5 3 7 6 8 7 6 8 4 5 3 7 6 8 4 5 3 7 6 8 4 5 3 7 6 8 4 5 3 7 6 8 4 5 37 6 8 4 5 3 7 6 8 4 5 3 7 6 8 4 5 3 7 6 8 4 5 3 7 6 8 4 5 3 7 6 8 4 5 37 6 8 4 5 3 7 6 8 4 5 3 7 6 8 4 5 37 6 8 4 5 3 7 6 8 4l 5 37 6 8 4 5 3   6 8 453  7 6 8 4 5 37 6 8 4 5 3 7 6 8 4 5 3 7 6 8 4 5 37 6 8 4 5 3 7 6 8 4 5 3 7 6 8 4 5 3 7 6 8 4 5 3 7 6 8 4 5 3 7 6 8 4 5 3 7 6 8 4 5 3 7 6 8 4 5 3 7 6 8 4 5 3 7 6 8 4 5 3 7 6 8 4 5 3 77 6 8 4 5 3 7 6 8 4 5 3 7 6 8 4 5 3 7 6 8 4 65 3 7 6 8 4 5 3 7 6 8 4 5 3 7 6 8 4 5 3 7 6 8 4 5 3 7 6 8 4 5 3 7 6 8 4 5 3 7 6 8 4 5 3 7 6 8 4 5 3 7 6 8 4 5 3 7 6 8 4 5 3 7 6 8 4 5 3 7 6 8 4 5 3 7 6 8 4 5 3 7 6 8 4 5 3 7 6 8 4 5 3 7 6 8 4 5 3 7 6 8 4 5 37 6 8 4 5 3 7 6 8  4 5 37 6 8 4 5 3 7 6 8  4 5 37 6 8 4 5 3 7 6 8 4 5 3 7 7 6 8 4 5 3 7 6 8 4 5 3 7 6 8 4 5 3 7 6 8 4 5 3 7 6 8 4 5 3 7 6 8 4 5 3 7 6 8 4 5 3 7 6 8 4 5 3 7 6 8 4 5 3 7 6 8 4 5 3 7 6 8 4 5 3 7 6 8 4 5 3 7 6 8 4 5 3 7 68 4 5 3 7 6 8 4 5 3 7 6 8 4 5 3 7 6 8 4 5 3 7 6 8 4 5 3 7 6 8 4 5 3 7 6 8 4 5 3 7 6 8 4 5 3 7 6 8 4 5 3 7 6 8 4 5 3 7 6 8 4 5 3 7 6 8 4 5 3 7 6 8 4 5 3 7 6 8 4 5 3 7 6 8 4 5 3 7 6 8 4 5 3 7 6 8 4 5 3 7 6 8 4 5 3 7 6 8 4 5 3 7 7 6 8 4 5 3 7 6 8 4 5 3 7 6 8 4 5 3 7 6 8 4 5 3 7 6 8 4 5 3 7 6 8 4 5 3 7 6 8 4 5 3 7 6 8 4 5 3 7 6 8 4 5 3 7 6 8 4 5 3 7 6 8 4 5 3 7 6 8 4 5 3 7 6 8 4 5 37 6 8 4 5 3 7 6 8 4 5 3 7 6 8 4 5 37 6 8 4 5 37 6 8 4 5 3 7 6 8 4 5 37  6 8 4 5 3 7 6 8 4 5 3 7 6 8 4 5 3 7 6 8 4 5 3 7 6 8 4 5 3 7 8 4 5 4 5 3 7 6 8 4 5 37 6 8 4 5 3 7 6 8 4 5 3 7 6 8 4 5 3 7 6  8 4 5 3 7 6 8 4 5 3 7 6 8 4 5 3 7 6 8 4 5 3 7 6 8 4 5 3 7 6 8 4 5 3 7 6 8 4 5 3 7 6  8 4 5 3 7 6 8 4 5 37 6 8 4 5 37 6 8 4 5 3 7 6 8 4 5 3 7 6 8 4 5 3 7 6 8 4 5 3 7 6 8 4 5 3 7 6 8 4 5 3 7 6 8 4 5 3 7 6 8 4 5 3 7 6 8 4 5 37 6 8 4 5 3 7 6 8 4 5 37 6 8 4 5 37 6 8 4 5 3 7 6 8 4 5 3 7 6 8 4 5 3 7 6 8 4 5 37 6 8 4 5 3 7 6 8 4 5 3 7 6 8 4 5 3  7 6 8 4 5 37 6 8 4 5 37 6 8 45 3 7 6 8 4 5 3 7  6 8 4 5 3 7 6 8 4 5 3 7 6 8 4 5 3 7 6 8 4 5 3 7 6 8 4 5 3 7 6 8 4 5 3 7 6 8 4 5 3 7 6 8 4 5 37 6 8 4 43 4 5 3 7 6 8 4 5 3 7 6 8 4 5 3 7 6 8 4 5 3 76 8 4 5 3 7 6 8 4 5 3 7 6 8 4 5 3 7 6 8 4 5 3 7 6 8 4 5 3 7 6 8 4 5 3 7 6 8 4 5 3 7 6 8 4 5 3 7 6 8 4 5 3 7 6 8 4 5 3 7 6 8 4 5 7 6 7 6 8 4 5 3 7 6 8 4 5 37 6 8 4 5 3 7 6 8 4 5 3 7 6 8 4 5 3 7 6 8 4 5 3 7 6 8 4 5 37 6 8 4 5 37 6 8 4 5 3 7 6 8 4 5 73 7 6 8 4 5 3 7 6 8 4 5 3 7 6 8 4 5 37 6 8 4 5 3 7 6 8 45 3 7 6 8 4 5 3 7 6 8 4 5 3 7 6 8 7 6 8 7 6 8 7 6 8 4 5 3 7 6 8 4 5 3 7 68 4 5 37  6 8 4 5 3 7 6 8 4 5 3 7 6 8 4 5 3 7 6  8 4 5 3 7 6 8 4 5 3 7 6 8 4 5 3 7 6 8 4 5 3 7 6 8 4 5 3 7 6 8 4 5 37 6 8 4 5 3 7 6 8 4 5 37 6 8 4 5 3 7 6 8 4 5 3 7 6 8 4 5 3 7 6 8 4 5 3 7 6 8 4 5 3 7 6 8 4 5 3 7 6 8 4 5 3 7 6 8 4 5 3 7 6 8 4 5 3 7 6 8 4 5 37 6 8 4 5 3 7 6 8 4 5 3 7 6 8 4 5 3 7 6 8 4 5 3 7 6 8 4 5 3 7 6 8 4 5 3 7 6 8 4 5 3 7 6 8 4 5 37 6 8 4 5 3 7 6 8 4 5 37 6 8 4 5 37 6 8 4 5 73 7 6 8 4 5 37 6 8 4 5 3 77 6 8 4 5 3 7 6 8 4 5 3 7 6 8 4 5 3 7 6 8 4 5 3 7 6 8 4 5 37 6 8 4 5 3 7 6 8 4 5 37 6 8 4 5 3 7 6 8 4 5 3 7 6 8 4 5 3 7 56 8 4 5 37 6 8 4 5 3 7 6 8 4 5 3 7 6 8 4 5 3 7 6 8 4 5 3 7 6 8 4 5 3 7 6 8 4 5 3 7 6 8 4 5 3 7 6 8 4 5 3 7 6 8 4 5 3 7 6 8 4 5 3 7 6 8 4 5 3 7 6  8 4 5 37 6 8 4 5 3 7 6 8 4 5 3 7 6 8 4 5 3 7 6 8 4 5 37 6 8 45 3 7 6 8 4 5 3 7 6 8 4 5 3 7 6 8 4 5 3 7 6 8 4 5 3 7 6 8 4 5 3 7 6 8 4 5 3 7 6 8 4 5 3 7 6 8 4 5 3 7 6 8 4 5 37 6 8 4 5 3 7 6 8 4 5 3 7 6 8 4 5 3 7 6 8 4 5 3 7 6 8 4 5 3 7 6 8 4 5 3 7 6 8 45 3 7 6 8 4 5 3 7 6 8 4 5 3 7 6 8 4 5 3 7 6 8 4 5 37 6 8 4 5 3 7 6 8 4 5 37 6 8 4 5 3 7 6 8 4 5 3 7 6 8 4 5 3 7 6 8 4 5 37 6 8 7 6 8 7 6  48 4 5 37 6 8 4 5 37 6 8 4 5 37 6 8 4 5 3 7 6 8 4 5 37 6 8 4 5 3 7 6 8 4 5 3 7 6 8 4 5 3 7 6 8 4 5 3 7 6 8 4 5 3 7 6 8 4 5 3 7 6 8 4 5 37 6 8 4 5 37 6 8 4 5 37 6 8 4 5 37 6 8 4 5 3 7 6 8 4 5 3 7 6 8 4 5 3 77  8 4 5 37 6 8 4 5 37 6 8 4 5 3 7 6 8 4 5 3 7 6 8 4 5 3 7 6 8 4 5 3 7 6 8 4 5 3 7 6 8 4 5 37 6 8 4 5 3 7 6 8 4 5 3 7 6 8 4 5 3 7 6 8 4 5 3 7 6 8 4 5 3 7 6 8 4 5 3 7 6 8 4 5 3 7 6 8 4 5 3 7 6 8 4 5 3 7 6 8 4 5 3 7 6 8 4 5 3 7 6 8 4 5 37 66 8 4 5 3 7 6 8 4 5 3 7 6 87 6 4 5 3 7 6  8 4 5 3 7 6 8 4 5 3 7 6 8 4 5 3 7 6 8 4 5 3 7 6 8 4 5 3 7 6 8 4 5 37 6 8 4 5 3 7 6 8 4 5 3 7 6 8 4 5 3 7 6 8 4 5 37 6 8 4 5 3 7 6 8 4 5 3 7 6 8 4 5 37 6 8 4 5 3 7 6 8 4 5 3 7 6 8 4 5 37 6 8 4 5 37  6 8 4 5 3 7 6 8 4 5 37 6 8 4 5 3 7 6 8 4 5 3 77 6 8 4 5 3 7 6 8 4 5 3 7 6 8 4 5 3 7 6 8 4 5 3 7 6 8 4 5 3 7 6 8 4 5 3 7 6 8 4 5 3 7 6 8 4 5 3 7 6  8 4 5 3 7 6 8 4 5 3 7 6 8 4 5 3 7 6 8 4 5 3 7 6 8 4 5 3 7 6 8 7 6 8 4 5 3 7 6 8 4 5 3 7 6 8 4 5 3 7 6 8 4 5 3 7 6 8 4 5 3 7 6 8 4 5 3 7 6 8 4 5 3 7 6 8 4 5 3 7 6 8 4 5 3 7 6 8 4 5 3 7 6 8 4 5 3 7 6 8 4 5 3 7 6 8 4 5 3 7 6 8 4 5 3 7 6 8 4 5 3 7 6 8 4 5 37 6 8 4 5 3 7 6 8 4 5 3 7 6 8 4 5 3 7 6 8 4 5 37 6 8 4 5 3 7 6 8 4 5 3 7 6 8 4 53  7 6 8 4 5 3 7 6 8 4 5 3 7 6 8 4 5 3 7 6 8 4 5 3 7 6 8 4 5 3 7 6 8 4 5 3 7 6 8 4 5 3 7 66 8 4 5 3 7 6 8 4 5 3 7 6 8 4 5 3 7 6 8 4 5 3 7 6 8 4 5 3 7 6 8 4 5 3 7 6 8 4 5 3 7 6 8 4 5 3 7 6 8 4 5 3 7 6 8 4 5 3 7 6 8 4 5 3 7 6 8 4 5 3 7 6 8  4 5 3 7 6 8 4 5 3 7 6 8 4 5 3 7 6 8 4 5 3 7 6 8 4 5 3 7 6 8 4 5 3 7 6 8 4 5 3 7 6 8 4 5 37 6 8 4 5 3 7 6 8 4 5 3 7 6 8 4 53 7 6 8 4 5 37 6 8 4 5 3 7 6 8 4 5 3 7 6 8 4 5 3 7 6 8 4 5 37  6 8 4 5 3 7 6 8 4 5 3 7 6 8 4 5 3 7 6 8 4 5 3 7 6 8 4 5 3 7 6 8 4 5 3 7 6 8 4 5 3 7 6 8 4 5 3 77 6 8 4 5 3 7 6 8 4 5 3 7 6 8 34 5 3 7 6 8 4 5 3 7 5 7 4 5 3 7 6 8 4 5 3 7 6 8 7 6 8 4 5 3 7 6 8 4 5 3 7 6 8 4 5 3 7 6 8 4 5 3 7 6 8 4 5 3 7 6 8 4 5 3 7 6 8 4 5 3 7 6 8 453 4 5 3 7 6 8 4 5 3 7 6 8 4 5 3 7 6 8 4 5 3 7 6 8 4 5 3 7 6 8 4 5 3 7 6 8 4 5 3 7 6 8 4 5 3 7 6 8 4 5 3 7 6 8 4 5 3 7 6 8 4 5 3 7 6 8 4 5 3 7 6 8 4 5 3 7 6 8 4 5 3 7 6 8 4 5 3 7 6 8 4 5 3 7 6 8 4 5 3 7 6 8 4 5 3 7 6 8 4 5 3 7 6 8 4 5 3 7 6 8 4 5 3 7 6 8 4 5 3 7 6 8 4 5 3 7 6 8 4 5 3 7 6 8 4 5 3 7 6 8 4 5 3 7 6 8 4 5 3 7 6 8 4 5 3 7 6 8 4 5 3 7 6 8 4 5 3 7 6 8 4 5 3 7 6  8 4 5 3  67 6 8 4 5 3 7 6 8 4 5 3 7 6 8 4 5 3 7 6 8 4 5 3 7 6 8 4 5 3 7 6 8 4 5 3 7 6 8 4 5 3 7 6 8 4 5 3 7 6 8 4 5 3 7 6 8 4 5 3  7 6 8 4 5 3 7 6 8 4 5 3 7 6 8 4 5 3 7 6  8 4 5 3 7 6 8 4 5 3 7 6 8 4  5 3 7 6 8 4 5 3 7 6 8 4 5 3 7 6 8 4 5 3 7 6 8 4 5 3 7 6 8 4 5 3 7 6 8 4 5 3 7 6 8 4 5 3 7 6 8 4 5 3 7 d6 8 4 5 3 7 6 8 4 5 3 7 6 8 4 5 3 7 6 8 4 5 3 7 6 8 4 5 3 7 6 8 4 5 3 7 6 8 4 5 3 7 6 8 4 5 3 7 6 8 4 5 3 7 6 8 4 5 3 7 6 8 4 5 3 7 6 8 45 3 7 6 8 4 5 37 68 4 5 3 7 6 8 4 5 3 7 6 8 4 5 3 7 6 8 4 5 3 7 6 8 4 5 3 7 6 8 4 5 37 6 8 4 5 3 7 6 8 4 5 37 6 8 4 5 3 7 6 8 4 5 3 7 6 8 4 5 3 7 6 8 4 5 3 7 6 8 4 5 3 7 6 8 4 5 3 7 6 8 4 5 3 7 6 8 3 4 5 3 7 6 8 4 5 37  6 8 4 5 3 7 68 4 5 3 7 68 4 5 3 7 6 8 4 5 3 7 6 8 4 5 3 7 6 8 4 5 3 7 6 8 4 5 37 6 8 4 5 37 6 8 4 5 37 6 8 4 5 3 7 6 8 4 5 3 7 6 8 5 4 5 3 7 6 8 4 5 3 7 6 8 4 5 3 7 6 8 4 5 3 7 6y 8 4 5 3 7 6 8 4 5 3 7u 6 8 4 5 3 7 6 8 4 5 3 7 6 8 4 5 3 7 6 8 4 5 3 7 6 8 4 5 3 7 6 8 4 5 3 7 6 8 4 5 3 7 6 8 4 5 3 7 6 8 4 5 3 7 6 8 4 5 3 7 6 8 4 5 3 7 6 8 4 5 3 7 6 8 4 5 3 7 6 8 4 5 3 7 6 8 4 5 3 7 6 8 4 5 3 7 6 8 4 5 3 7 6 8 4 5 3 7 6 8 4 5 3 7 6 8 4 5 3 7 6 8 4 5 3 7 6 8 4 5 3 7 6 8 4 5 3 7 6 8 4 5 3 7 6 8 4 5 3 7 6 8 4 5 3 7 6 8 4 5 3 7 6 8 4 5 3 7 6 8 4 5 3 7 6 8 4 5 3 7 6 8 4 5 3 7 6 8 4 5 3  7 6 8 4 5 3 7 6 8 4 5 3 7 6 8 4 5 3 7 6 7 8 4 5 3  7 6 8 4 5 3 7 6 8 4 5 3 7 6 8 4 5 3 7 6 8 4 5 3 7 6 8 4 5 3 7 6 8 4  5 3 7 6 8 4 5 3 7 6 8 4 5 3 7 6 8 4 5 3 7 6 8 4 5 3 7 6 8 4 5 37 6 8 4 5 3 7 6 8 4 5 37 6 8 4 5 3  7 6 8 4 5 37 6 8 4 5 3 7 6 8 4 5 3 7 6 8 4 5 37 6 8 4 5 37 6 8 4 5 3 7 6 8 4 5 3 7 6 8 4 5 3 7 6 8 4 5 3 7 6 8 4 5 3 7 6 8 4 5 3 7 6 8 4 5 3 7 6 8 4 5 3 7 6 8 4 5 3 7u 6 8 4 5 3 7 6 8 4 5 3 7 6 8 4 5 3 7 6 8 4 5 3 7 6 8 4 5 3 7 6 8 4 5 3 7 6 8 4 5 3 7 6 8 4 5 3 7 6 8 4 5 3 7 6 8 4 5  7 6 8 4 5 3 7 6 8 4 5 3 7 6 8 4 5 3 7 6 8 4 5 3 7 6 8 4 5 3 7 6 8 4 5 37 6 8 4 5 3 7 6 8 4 5 37 6 8 4 5 3 7 6 8 4 5 3 7 6 8 4 5 3 7 6 8 4 5 3 7 6 8 4 5 3 7 6 8 4 5 37 6 8 4 5 3 7 6 8 4 5 37 6 8 4 5 3 7 6 8 4 5 37 6 8 4 5 3 7 6 8 4 5 3 7 6 8 4 5 3 7 6 8 4 5 37 6 8 4 5 3 7 6  48 4 5 3 7 68 4 5 3 7 6 8 4 5 3 7 6 8 4 5 3 7 6 8 4 5 3 7 6 8 4 5 3 7 6 8 4 5 3 7 6 8 4 5 3 7 68 f4 5 3 7 6 8 4 5 3 7 6 8 4 5 3 7 6 8 4 5 3 7 6 8 4 5 3 7 6 8 4 5 3 7 6 8 4 5 3 7 6 8 4 5 3 7 6 8 4 5 3 7 6 8 4 5 3 7 6 8 4 5 3 7 6 8 4 5 3 7 6 8 4 5 3 7 6 8 4 5 3 7 6 8 4 5 3 7 6 8 4 5 3 7 6 8 4 5 3 7 6 8 4 5 3 7 6 8 4 5 3 7 6 8 4 5 37 6 8 4 5 3 7 6 8 4 5 3 7 6 8 4 5 3 7 6 8 4 5 3 7 6 8 4 5 3 7 6 8 4 5 3 7 6 8 4 5 37 6 8 4 5 3 7 6 8 4 5 3 7 6 8 4 5 3 7 6 8 4 5 3 7 6 8 4 5 3 7 6 8 4 5 3 7 6 8 4 5 3 7 6 8 4 5 3 7 6 8 4 5 3 7 6 8 4 5 3 7 6 8 4 5 3 7 6 8 4 5 3 7 6 8 4 5 3 7 6 8 4 5 3 7 6 8 4 5 3 77 6 8 4 5 3 7 6 8 4 5 3 7 6 8 4 5 37 6 8 4 5 3 7 6 8 4 5 3 7 6 8 4 5 3 7 6 8 4 5 3 7 6 8 4 5 3  7 6 8 4 5 3 7 6 8 4 5 3 7 6 8 4 5 3 7 6 8 4 5 37 6 8 4 5 37 6 8 4 5 3 7 6 8 4 5 3 7 6 8 4 5 3 7 6 8 4 5 3 7 6 8 4 5 3 7 6 8 4 5 3 7 6 8 4 5 3 7 6 8 4 5 3 7 6 8 4 5 3 7 68 4 5 37 6 8 4 5 3 7 6 8 4 5 3 7 6 8 4 5 3 7 6 8 4 5 3 7 6 8 4 5 37 6 8 4 5 3 7 6 8 4 5 3 7 6 8 4 5 3 7 6 8 4 5 3 7 6 8 4 5 3 7 6 8 4 5 3 7 6 8 4 5 3 7 6 8 4 5 3  7 6 8 4 5 3 7 6 8 4 5 3 7 6 8 4 5 37 6 8 4 5 3 7 6 8 4 5 3 7 6 8 4 5 3 7 6 8 4 5 3 7 6 8 4 5 37 6 8 4 5 3 7 6y 8 4 5 37  6 8 4 5 3 7 6 8 4 5 37 6 8 4 5 3 7 6 8 4 5 3 7 6 8 4 5 3 7 6 8 4 5 3 7 6 8 4 5 3 7 6 8 4 5 3 7 6 8 4 5 3 7 6 8 4 5 37 6 8 4 5 3 7 6 8  4 5 3 7 6 8 4 5 3 7 6 8 4 5 3 7 6 8 4 5 3 7 6 8 4 5 3 7 6 8 4 5 3 76 8 4 5 3 7 6 8 4 5 3 7 6 8 4 5 3 7 6 8 4 5 3 7 6 8 4 5 3 7 6 8 4 5 3 7 6 8 4 5 3 7 6 8 4 5 3 7 6 8 4 5 37 6 8 4 5 3 7 6 8 4 5 3 7 6 8 4 5 3 7 6 8 4 5 3 7  6 8 4 5 3 7 6 8 4 5 3 7 6 8 4 5 3 7 6 8 4 5 3 7 6 8 4 5 37 6 8 4 5 3 7 6 8 4 5 3 7 6 8 4 5 3 7 6 8 4 5 3 7 6 8 4 5 37  6 8 4 5 3 7 6 8 4 5 37 6 8 4 5 3 7 6 8 4 5 3 7 6 8 4 5 3 7 6 8 4 5 37 6 8 4 5 3 7 6 8 4 5 3 7 6 8 4 5 3 77 6 8 4 5 3 7 6 8 4 5 3 7 6 8 4 5 3 7 6 8 4 5 37  6 8 4 5 3 7 6 8 4 5 3 7 6 8 4 5 3 7 6 8 4 5 3 7 6 8 4 5 3 7 6 8 4 5 3 7 6 8 4 5 37 6 8 4 5 3 u7 6 8 4 5 3 7 6 8 4 5 3 7 6 8 4 5 3 7 6 8 4 5 37 4 5 3 7 6 8 4 5 3 7 6 8 4 5 3 7 6 8 4 5 3 7 6 8 4 5 3 7 6 8 4 5 3 7 6 8 4 5 3 7 6 8 4 5 3 7 6 8 4 5 3 7 6 8 4 5 3 7 6 8 4 5 37 6 8 4 5 3 7 6 8 4 5 37 6 8 4 5 37 6 8 4 5 3 7 6 8 4 5 3 7 6 8 4 5 37 6 8 4 5 3 7 6 8 4 5 3 7 6 8 4  5 37 6 8 4 5 3 7 6 8 4 5 3 7 6 8 4 5 3 7 6 8 4 5 3 7 6 8 4 5 37 6 8 4 5 3 7 6 8 4 5 37 6 8 4 5 3 7 6 8 4 5 37 6 8 4 5 37 6 8 4 5 3 7 6 8 4 5 3 7 6 8 4 5 3 7 6 8 4 5 3 7 6 8 4 5 3 7 6 8 4 5 3 7 6 8 4 5 3 7 6 8 4 5 3 7 6 8 4 5 37 6 8 4 5 3 7 6 8 4 5 37 6 8 4 5 3 7 6 8 4 5 3 7 6 8 4 5 3 76 8 4 5 37 6 8 4 5 3 7 6 8 4 5 3 7 6 8 4 5 37  6 8 4 5 3 7 6 8 4 5 3 7 6 8 4 5 3 7 6 8 4 5 3 7 6 8 4 5 3 7 6 8 4 5 3 7 6 8 4 5 37 66 8 4 5 3 7 6 8 4 5 3 7 6 8 4 5 3 7 6 8 4 5 3 7  6 8 4 5 3 7 6 8 4 5 37 6 8 4 5 3 7 6 8 4 5 37 6 8 4 5 37 6 8 4 5 3 7 6 8 4 5 37 6 8 4 5 3 7 6 8 4  5 3 7 6 8 4 5 3 7 6 8 4 5 3 7 6 8 4 5 37 6 8 4 5 3 7 6 8 4 5 3 7 6 8 4 5 3 7 6 8 4 5 3 7 6 8 4 5 3 7 6 8 4 5 3 7 6 8 4 5 3 7 6 8 4 5 37 6 8 4 5 3 7 6 8 4 5 3 7 6 8 4 5 3 7 6 8 4 5 3 7 6 8 4 5 3 7 6 8 4 5 3 7 6 8 4 5 37 6 8 4 5 37 6 8 4 5 3 7 6 8 4 5 3 7 6 8 4 5 37 6 8 4 5 3 7 6 8 4 5 3 7 6 8 4 5 3 7 6 8 4 5 3 7 6 8 4 5 3 7 6 8 4 5 3 7 6 8 4 5 3 7 6 8 4 5 37 6 8 4 5 3 7 6 8 4 5 3 7 6 8  4 5 3 7 6 8 4 5 37 6 8 4 5 3 7 6 8 4 5 3 7 6 8 4 5 3 7 6 8 4 5 3 7 6 8 4 5 3 7 6 8 4 5 3 7 6 8 4 5 3 8 7 6 8 4 5 3 7 6 8 4 5 3 7 6 8 4 5 3 7 6 8 4 5 3 7 6 8 4 5 3 7 6 8 4 5 3 7 6 8 4 5 37 6 8 4 5 37 6  8 4 5 3 7 6 8 4 5 3 7 6 8 4 5 3 7 6 8 4 5 3 7 6 8 4 5 3 7 6 8 4 5 3 77 6 8 4 5 3 7 6 8 4 5 3 77 6 8 4 5 3 7 6 8 4 5 3 7 6 8 4 5 37 6 8 4 5 3 7 6 8 4 5 3 7 6 8 4 5 3 7 6 8 4 5 3 7 6 8 4 5 3 7 6  8 4 5 3 7 6 8 4 5 37 6 8 4 5 37 6 8 4 5 3 7 6 8 4 5 3 7 6 8 4 53 7 6 8 4 5 3 7 6 8 4 5 3 7 6 8 4 5 377 6 8 4 5 37 6 8 4 5 3 7 6 8 4 5 3 7 6 8 4 5 3 7 6 8 4 5 3 7 6 8 4 5 3 7 6 8 4 5 3 7 6 8 4 5 3 7 6 8 4 5 3 7 6 8 4 5 3 7 6 8 4 5 37 6 8 4 5 3 7  8 4 5 37 6 8 4 5 3 7 6 8 4 5 3 7 6 8 4 5 3 7 6 8 4 5 3 7 6 8 4 5 37 68 4 5 37  6 8 4 5 3 7 6 8 4 5 3 7 6 8 4 5 3 7 6 8 4 5 3 7 6 8 4 5 3 7 6 8 4 5 37 6 8 4 5 37 68 4 5 3 7 6 8 4 5 3 7 6 8 4 5 3 7 6 8 4 5 3 7 6 8 4 5 3 7 7 6 8 4 5 37 6 8 4 5 3 7 6 8 4 5 37 6 8 4 5 3 7 6 8 4 5 3 7 6 8 4 5 37 6 8 4 5 3 7 6 8 4 5 37 6 8 4 5 3 7 6 8 4 5 3 7 6 8 4 5 3 7 6 8 4 5 3 7 6 8 4 5 3 7 6 8 4 5 37 8 4 5 3 7 6 8 4 5 3 7 6 8 4 5 3 7 6 8 4 5 37 6 8 4 5 3 7 6 8 4 5 37 6 8 4 5 3 7 6 8 4 5 3 7 6 8 4 5 3 7 6 8 4 5 3 7 6 8 4 5 3 7 6 8 4 5 3 7 6 8 4 5 3 7 6 8 4 5 3 7 6 8 4 5 3 7 6 8 4 5 3 7 6  8 4 5 3 7 6 8 4 5 3 7 6 8 4 5 3 7 6 8 4 5 3  67 6 8 4 5 3 7 6 8 4 5 37 6 8 4 5 3 7 6 8 4 5 3 7 6 8 4 5 3 7 6 8 4 5 37 6 8 4 5 3 7 6 8 4 5 3 7 6 8 4 5 3 7 6 8 4 5 3 7 6 8 4 5 37 6 8 4 5 3 7 6 8 4 5 3 7 6 8 4 5 3 7 6 8 4 5 37  6 8 4 5 3 7 6 8 4 5 3 7 6 8 4 5 3 7 6 8 4 5 3 7 6 8 4 5 3 7 6  8 4 5 3 7 6 8 4 5 3 7 6 8 4 5 3 7 6 8 4 5 3 7 6 8 4 5 3 7 6 8 4 5 3 7 6 8 4 5 3 7 6 8 4 5 3 7 6 8 4 5 3 7 6 8 4 5 3 7 6 8 4 5 3 7 6 8 4 5 3 7 6 8 4 5 3 7 6 8 4 5 3 7 6 8 4 5 3 7 6 8 4 5 3 7 6 8 4 5 3 7 6 8 4 5 3 7 66 8 4 5 3 7 68 4 5 3 7 6 8 4 5 3 7  6 8 4 5 3 7 6 8 4 5 3 74 5 3 7 6 8 4 5 3 7 6 8 4 5 3 7 6 8 4 5 3 7 6 8 4 5 3 7 6 8 4 5 3 7 6 8 4 5 3 7 6 8 4 5 3 7 6 8 45  37 6 8 4 5 3 7 6 8 45 3 7 6 8 4 5 3 7  6 8 4 5 3 7 6 8 4 5 3 7 6 8 4 5 3 7 6 8 4 5 3 7 6 8 4 5 3 7 6 8 4 5 3 7 6 8 4 5 3 7 6 8 4 5 3 7 6 8 4 5 3 7 6 8 45 3 7 6 8 4 5 3 7 6 8 4 5 3 7 6 8 4 5 3 7 6 8 4 5 3 7 6 8 4 5 3 7 6 8 4 5 3 7 6 8 4 5 3 7 6 8 4 5 3 7 6 8 4 5 3 7 6 8 4 5 3 7 6 8 4 5 3 7 6 8 4 5 3 7 6 8 4 5 3 7 6 8 4 5 3 7 6 8 4 5 3 7 6 8 4 5 3 7 6 8 4 5 3 7 6 8 4 5 3 7 6 8 4 5 3 7 6 8 4 5 3 7  6 8 4 5 3 7 6 8 4 5 3 7 6 8 4 5 3 7 6 8 4 5 3 7 6 8 4 5 3 7 6 8 4 5 3 7 6 8 4 5 3 7 6 8 4 5 3 7 6 8 4 5 3  67 6 8 4 5 3 7 6 8 4 5 3 7 6 8 4j 53 7 6 8 4 5 3 7 6 8 4 5 3 7 6 8 4 53 7 6 8 4 5 3 7 6 8 4 5 3 7 6 8 4 5 3 7 6 8 4 5 3 7 6 8 4 53 7 6 8 4 5 3 7 6 8 4 5 3 7 6 8 4 5 3 7 6 8 4 5 3 7 6 8 4 53 7 6 8 4 5 3 7 6 8 4 5 3 7 6 8 4 5 3 7 6 8 4 5 3 7u 6 8 4 5 3 7 6 8 4 5 3 7 6 8 4 5 3 7 6 8 4 53 7 6 8 4 5 3 7 6 8 4 5 3 7 6 8 4 5 3 7 6 8 4 5 3 7 6 8 4 5 3 7 6 8 4 5 3 7 6 8 4 5 3 7 6 8 4 5 3 7 6 8 4 5 3 7 6 8 4 5 3 7 6 8 4 5 3 7 6 8 4 5 3 7 6 8 4 5 3 7 6 8 4 5 3 7 6 8 4 5 3 7 6 8 4 5 3 7 6 8 4 5 3 7 6 8 4 5 3 7 6 8 4 5 3 7 6 8 4 5 3 7 6 8 4 5 3 7 6 8 4 5 3 7 6 8 4 5 3 7 6 8 4 5 3 7 6 8 4 5 3 7 6 8 4 5 3  7 6 8 4 5 3 7 6 8 4 5 3 7 6 8 4 5 37 6 8 4 5 3 7 6 8 4 5 3 7 6 8 4 5 3 7 6 8 4 5 37 6 8 4 5 37 6 8 4 5 3 7 6 8 4 5 37 6 8 4 5 3 7 6 8 4 5 3 7 6 8 4 5 3 7 6 8 4 5 3 7 6 8 4 5 3 7 6 8 4 5 3 7 6 8 4 5 37 6y 8 4 5 37 6 8 4 5 3 7 6 8 4 5 37 6 8 4 5 3 7 6 8 4 5 3 7 6 8 4 5 3 7 6 8 4 5 3 7 6 8 4 5 3 7 6 8 4 5 3 7 6 8 4 5 3 7 6 8 4 5 3 7 6 8 4 5 3 7 6 8 4 5 3 7 6 8 4 5 3 7 6 8 4 5 3 7 6 8 4 5 3 7 6 8 4 5 3 7 6 8 4 5 3 7 6 8 4 5 3 7u 6 8 4 5 3 7 6 8 4 5 3 7 6 8 4 5 3 7 6 8 4 5 3 7 6 8 4 5 3 7 6 8 4 5 3 7 6 8 4 5 3 7 6 8 4 5 3 7 6 8 4 5 3 7 6 8 4 5 3 7 6 8 4 5 3 7 6 8 4 5 3 7 6 8 4 5 3 7 6 8 4 5 3 7 6 8 4 5 3 7 6 8 4 5 3 7 6 8 4j 5 3 7 6 8 4 5 3 7 6 8 4 5 3 7 6 8 4 5 3 7 6 8 4 5 3 7 6 8 4 5 3 7 6 8 4 5 3 7 6 8 4 5 3 7 6 8 4 5 3 7 6 8 4 5 3 7 6 8 4 5 3 7 6 8 4 5 3 7 6 8 4 5 3 7 6 8 4 5 3 7 6 8 4 5 3 7 6 8 4 5 3 7 6 8 4 5 3 7 6 8 4 5 3 7 6 8 4 5 3 7 6 8 4 5 3 7 6 8 4 5 3 7 6y 8 4 5 3 7 6 8 4 5 37 6 8 4 54 3 4 5 3 7 6 8 4 5 3 7 6 8 4 5 3 7 6 8 4 5 3 7 6 8 4 5 3 7 6 8 4 5 37 6 8 4 5 3 7 6 8 4 5 3 7 6 8 4 5 3 7 6 8 4 5 3 7 6 8 4 5 3 7 6 8 4 5 3 7 6 8 4 5 3 7 6 8 4 5 3 7 6 8 4 5 37 6 8 4 5 3 7 6 8 4j 5 3 7 6 8 4 5 37 6 9 8 4 5 3 7 6 8 4 5 3 7 6 8 4 5 3 7 6 8 4 5 3 7 6 8 4 5 3 7 6 8 4 5 3 7 6 8 4 5 3 7 6 8 4 5 3 7 6 8 4 5 3 7 6 8 4 5 37 6 8 4 5 3 7 6 8 4 5 3 7 6 8 4 5 3  7 6 8 4j 5 37 6 8 4 5 3 7 6 8 4 5 3 7 6 8 4 5 3 7 6 8 4 5 3 7 6 8 4 5 3 7 6 8 4 5 3 7 6 8 4 5 3 7 6 8 4 5 3 7 6 8 4 5 3 7 6 8 4 5 37  6 8 4 5 3 7 6 8 4 5 3 7 6 8 4 5 3 7 6 8 4 5 3 7 6 8 4 5 3 76 8 4 5 3 7 6 8 4 5 3 7 6 8 4 5 3 7 6 8 4 5 3 7 6 8 4 5 3 7 6 8 4 5 3 7 6 8 4 5 3 7 6 8 4 5 3 7 6 8 4 5 3 7 6 8 4 5 3 7 6 8 4 5 3 7 6 8 4 5 3 7 6 8 4 5 3 7 6 8 4 5 3 7 6 8 4 5 37 68 4 5 3 7 6 8 4 5 3 7 6 8 4 5 3 7 6 8 4 5 3 7 6 8 4 5 3 7 6 8 4 5 3 7 6 8 4 5 3 7 6 8 4 5 3 7 6 8 4 5 3 7 6 8 4 5 3 7 6 8 4 5 3 7 6 8  4 5 3 7 6 8 4 5 3 7 6 8 4 5 3 7 6 8 4 5 3 7 6 8 4 5 3 7 6 8 4 5 3 7 6 8 4 5 3 7 6 8 4 5 3 7 6 8 4 5 3 7 6 8 4 5 3 7 6 8 4 5 3 7 6 8 4 5 3 7 6 8 4 5 3 7 6 8 4 5 3 7 6 8 4 5 3 7 6 8 4 5 3 7 6 8 4 5 3 7 6 8 4 5 3 7 6 8 4 5 3 7 6  8 4 5 3 7 6 8 4 5 3 7 6 8 4 5 3 7 6 8 4 5 3 77 6 8 4 5 37 6 8 4 5 3 7 6 8 4 5 3 7 6 8 4 5 3 7 6 8 4 5 3 7 6 8 4 5 3 7 6 8 4 5 3 7 6 8 4 5 3 7 6 8 4 5 3 7 6 8 4 5 3 7 6 8 4 5 3 7 6 8 4 5 3 7 6 8 4 5 3 7 6 8 4 5 3 7 6 8 4 5 3 7 6 8 4 5 3 7 6 8 4 5 3 7 6 8 4 5 3 7 6 8 4 5 3 7 6 8 4 5 3 7 6 8 4 5 3 7 6 8 4 5 3 7 6 8 4 5 3 7 6 8 4 5 3 7 6 8 4 5 3 7 6 8 4 5 3 7 6 8 4 5 3 7 6 8 4 5 3 7 6 8 4 5 3 7 6 8 4 5 3 7 6 8 4 5 3 7 6 8 4 5 3 7 6 8 4 5 3 7 6 8 4 5 3 7 6 8 4 5 3 7 6 8 4 5 3 7 6 8 4 5 3 7  8 4 5 3 7 6 8 7 6 8 7 6 8 4 5 3 7 6 8 4 5 3 7 6 8 4 5 3 7 6 8 4 5 3 7 6 8 4 5 3 7 6 8 4 5 3 7 6 8 4 5 3 7 6 8 4 5 3 7 6 8 4 5 3 7 6 8 4 5 3 7 6 8 4 5 3 7 6 8 4 5 3 7 6 8 4 5 3  7 6 8 4 5 3 7 6 8 4 5 3 7 6 8 4 5 3 7 6 8 4 5 3 7 6 8 4 5 3 7 6 8 4 5 3 7 6 8 4 5 3 7 6 8 4 5 37 6 8 4 5 3 7 6 8 4 5 3 7 6 8 4 5 3  7 6 8 4 5 3 7 6 8 4 5 3 7 6 8 4 5 3 7 6 8 4 5 3 7 6 8 4 5 3 7 6 8 4 5 3 7 6 8 4 5 3 7 6 8 4 5 3 7 6 8 4 5 3 7 6 8 4 5 3 7 6 8 4 5 3 7 6 8 4 5 3 7 6 8 4 5 3 7 6 8 4 5 3 7 6 8 4 5 3 7 6 8 4 5 3 7 6 8 4 5 3 7 6 8 4 5 3 7 6 8 4 5 3 7 6 8 4 5 3 7 6 8 4 5 3 7 6 8 4 5 3 7 66 8 4 5 3 7 6 8 4 5 3 7 6 8 4 5 3 7 6 8 4 5 3 7 6 8 4 5 3 7 6 8 4 5 3 7 6 8 4 5 3 7 6 8 4 5 3 7 6 8 4 5 3 7 6 8 4 5 3 7 6 8 4 5 3 7 6 8 4 5 3 7 6 8 4 5 3 7 6 8 4 5 3 7 6 8 4 5 3 7 6 8 4 5 3 7 6 8 4 5 3 7 6 8 4 5 3 7 6 8 4 5 3 7 6 8 4 5 3 7 6 8 4 5 3 7 6 8 4 5 3 7 6 8 4 5 3 7 68 4 5 3 7 6 8 4 5 3 7 6 8 4 5 3 7 6 8 4 5 3 7 6 8 4 5 3 7 6 8 4 5 3 7 6 8 4 5 3 7 6 8 4 5 3 7 6 8 4 5 3 7 6 8 4 5 3 7 6 8 4 5 3 7 6 8 4 5 3 7 6 8 4 5 3 7 6 8 4 5 3 7 6 8 4 5 3 7 6 8 4 5 3 7 6 8 4 5 3 7 6 8 4 5 3 7 6 8 4 5 3 7 6 8 4 5 3 7 6  8 4 5 3 7 6 8 4 5 3 7 6 8 4 5 3 7 6 8 4 5 3 7 6 4 5 3 7 6 8 4 5 3 7 6 8 4 5 3 7 6 8 4 5 3 7 6  8 4 5 3 7 6 8 4 5 3 7 6 8 4 5 3 7 6 8 4 5 3 7 6 8 4 5 3 7 6 8 4 5 3 7 6 8 4 5 3 7 6 8 4 5 3 7 6 8 4 5 3 7 6 8 4 5 3 7 6 8 4 5 3 7 6 8 4 5 3 7 6 8 4 5 3 7 6 8 4 5 3 7 6 8 4 5 3 7 6 8 4 5 3 7 6 8 4 5 3 7 6 8 4 5 3 7 6 8 4 5 3 7 6 8 4 5 3 7 6 8 4 5 3 7 6 8 4 5 3 7 6 8 3 4 5 3 7 6 8 4 5 3 7 6 8 4 5 3 7 6 8 4 5 3 7 6 8 4 5 3 7 6 8 4 5 3 7 6 8 4 5 3 7 6 8 4 5 3 7 6 8 4 5 3 7 6 8 4 5 3 7 6 8 4 5 3 7 6 8 4 5 3 7 6 8 4 5 3 7 6 8 4 5 3 7 6 8 4 5 3 7 6 8 4 5 3 7 6 8 4 5 3 7 6 8 4 5 3 7 6 8 4 5 3 7 6 8 4 5 3 7 6 8 4 5 3 7 6 8 4 5 3 7 6 8 4 5 3 7 6 8 4 5 3 7 6 8 4 5 3 7 6 8 4 5 3 7 6 8 4 5 3 7 6 8 4 5 3 7 6 8 7 6 8 4 5 3 7 6 8 4 5 3 7 6 8 4 5 3 7 6 8 4 5 3 7 6 8 4 5 3 7 6 8 4 5 3 7 6 8 4 5 3 7 6 8 4 5 3 7 6 8 4 5 3 7 6 8 4 5 3 7 6 8 4 5 3 7 6 8 4 5 3 7 6 8 4 5 3 7 6 8 4 5 3 7 6 8 4 5 3 7 6 8 4 5 3 7 6 8 4 5 3 7 6 8 4 5 3 7 6 8 4 5 3 7 6 8 4 5 3 7 6 8 4 5 3 7 6 8 4 5 3 7 6 8 4 5 3 7 6 8 4 5 3 7 6 8 4 5 3 7 6 8 4 5 3 7 6 8 4 5 3 7 7 6 8 4 5 3 7 6 8 4 5 3 7 6 8 4 5 37 6 8 4 5 3 7 6 8 4 5 3 7 6 8 4 5 3 7 6 8 4 5 3 7 6 8 4 5 37 6 8 4 5 3 7 6 8 4 5 3 7 6 8 4 5 3 7 6 8 4 5 3 7 6 8 4 5 3 7  8 4 5 3 7 6 8 4 5 3 7  86 8 4 5 3 7 6 8 4 5 3 7 6 8 4 5 3 7 6 8 4 5 3 7 6 8 4 5 3 7 68 4 5 3 7 6 8 4 5 3 7 68 4 5 3 7 6 8 4 5 3 7 6 8 4 5 3 7 6 8 4 5 3 7 6 8 4 5 3 7 6 8 4 5 3 7 6 8 4 5 3 7 6 8 4 5 3 7 6 8 4 5 3 7 6 8 4 5 3 7 76  8 4 5 3 7 6 8 4 5 3 7 6 8 4 5 3 7 6 8 4 5 3 7 6 8 4 5 3 7 6 8  4 5 3 7 6 8 4 5 3 7 6 8 4 5 3 7 6 8 4 5 3 7 6 8 4 5 3 7 6 8 4 5 37 6 8 4 5 3 77  4 5 3 7 6 8 4 5 3 7 6 8 4 5 3 7 6 8 4 5 3 7 6 8 4 5 3 7 6 8 4 5 3 7 6 8 4 5 3 7 6 8 4 5 37 6 8 4 5 3 7 6 8 4 5 3 7 6 8 4 5 3 7 6 8 4 5 3 7 6 8 4 5 3 7 6 8 4 5 3 7 6 8 4 5 3 7 6 8 4 5 3 7 6 8 4 5 3 7 6 8 4 5 3 7 68 4 5 3 7 6 8 4 5 37 6 8 4 5 37 6 8 4 5 3 7 6 8 4 5 37 6 8 4 5 3 7 6 8 4 5 3 7 6 8 4 5 3 7 6 8 4 5 37  6 8 4 5 37  6 8  4 5 3 7 6 8 4 5 3 7 6 8 4 5 3 7 68 4 5 3 7 6 8 4 5 3 7 6 8 4 5 3 7 6 8 4 5 3 7 6 8 4 5 37 6 8 4 5 3 7 6 8 4 5 3 7 6 8 4 5 3 7 6 8 4  5 37  6 8 4 5 37 6 8 4 5 3 7 6 8 4 5 3 7 6 8 4 5 3 7 6 8 4 5 3 7 6 8 4 5 3 7 6 8 4 5 3 7 6 8 4 5 37 6 8 4 5 3 7 6 8 4 5 3 7 6 8 4 5 3 7 6 8 4 5 3 7 6 8 4 5 3 7 6 8 4 5 3 7 6 8 4 5 3 7 6 8 4 5 3 7 6 8 4 5 3 7 6 8 4 5 3 7 6 8 4 5 3 7 6 8 4 5 3 7 6 8 4 5 3 7 6 8 4 5 3 7 6 8 4 5 3 7 6 8 4 5 3 7 6 8 4 5 3 7 6 8 4 5 3 7 6 8 4 5 3 7 6 8 4 5 3 7 6 8 4 5 3 7 6 8 4 5 3 7 6 8 4 5 3 7 6 8 4 5 3 7 68 4 5 3 7 6 8 4 5 3 7 6 8 4 5 3 7 6 8 4 5 3 7 6 8 4 5 3 7 6 8 4 5 3 7 6 8 4 5 3 7  6 8 4 5 3 7 6 8 4 5 3 7 6 8 4 5 3 7 6 8 4 5 3 7 6 8 4 5 3 7 6 8 4 5 3 7 6 8 4 5 3 7 6 8 4 5 37 6  8 45 3 7 6 8 4 5 3 7 6 8 4 5 3 7 6 8 4 5 3 7 6 8 4 5 3 7 6 8 4 5 3 7 6 8 4 5 3 7 6 8 4 5 3 7 6 8 4 5 3 7 6 8 4 5 3 7 6 8 4 5 3 7 6 8 4 5 3 7 6 8 4 5 37 6 8 4 5 3 7 6 8 4 5 3 7 6 8 4 5 3 7 6 8 4 5 37  6 8 4 5 3 7 6 8 4 5 3 7 6 8 4 5 3 7 6 8 4 5 3 7 6 8 4 5 3 7 6 8 4 5 3 7 6 8 4 5 3 7 6 8 4 5 3 7 6 8 4 5 3 7 6 8 4 5 3 7 6 8 4 5 3 7 6 8 4 5 3 7 6 8 4 5 3 7 6 8 4 5 3 7 6 8 4 5 3 7 6 8 4 5 3 7 6 8 4 5 3 7 6 8 4 5 3 7 6 8 4 5 3 7 6 8 4 5 3 7 6 8 4 5 3 7 6 8 4 5 3 7 6 8 4 5 3 7 6 8 4 5 3 7 6 8 4 5 3 7 6 8 4 5 3 7 6 8 4 5 3 7 6 8 4 5 3 7 6 8 4 5 3 7 6 8 4 5 3 7 6 8 4 5 3 7 6 8 4 5 3 7 6 8 4 5 3 7 6 8 4 5 3 7 6 8 4 5 3 7 68 4 5 3 7 6 8 4 5 3 7 6 8 4 5 3 7 6 8 4 5 3 7 6 8 4 5 3 7 6 8 4 5 3 7 6 8 45 3 7 6 8 4 5 3 7 6 8 4 5 3 7 6 8 4 5 3 7  86 8 4 5 3 7 6 8 4 5 3 7 6 8 4 5 3 7 6 8 4 5 3 7 6 8 4 5 3 7 6 8 4 5 3 7 6 8 4 5 3 7 6 8 4 5 3 7 6 8 4 5 3 7 6 8 4 5 3 7 6 8 4 5 3 7 6 8 4 5 3 77 6   4 5 3 7 6 8 4 5 3 7 6 8 4 5 3 7 6 8 4 5 3 7 6 8 4 5 3  7 6 8 4 5 3 7 6 8 4 5 3 7 6 8 4 5 3 7 6 8 4 5 3 7 6 8 4 5 3 7 6 8 4  5 3 7 6 8 4 5 3 7 6 8 4 5 3 7 6 8 4 5 3 7 6 8 4 5 3 7 6 8 4 5 3 7 6 8 4 5 3 7 6 8 4 5 3 7 6 8 4 5 3 7 6 8 4 5 3 7 6 8 4 5 3 7 6 8 4 5 3 7 6 8 4 5 3 7 6 8 4 5 3 7 6 8 4 5 3 7 6 8 4 5 3 7 6 8 4 5 3 7 6 8 4 5 3 7 6 8 4 5 3 7 6 8 4 5 3 7 6 8 4 5 3 7 6 8 4 5 3 7 6 8 4 5 3 7 6 8 4 5 3 7 6 8 4 5 3 7 6 8 4 5 3 7 6 8 4 5 3 7 6 8 4 5 3 7 6 8 4 5 3 7 6 8 4 5 3 7 6 8 4 5 3 7 6 8 4 5 3 7 6 8 4 5 3 7 6 8 4 5 3 7 6 8 4 5 3 7 6 8 4 5 3 7 6 8 4 5 3 7 6 8 4 5 3 7 6 8 4 5 3 7 6 8 4 5 3 7 6 8 4 5 3 7 6 8 4 5 3 7 6 8 4 5 3 7 6 8 4 5 3 7 6 8 4 5 3 7 6 8 4 5 3 7 6 8 4 5 3 7 6 8 4 5 3 7 6 8 4 5 3 7 6 8 4 5 3 7 6 8 4 5 3 7 6 8 4 5 3 7 6 8 4 5 3 7 6 8 4 5 3 7 6 8 4 5 3 7 6 8 4 5 3 7 6 8 4 5 37 6y  4 5 3 7 6 8 4 5 3 7 6 8 4 5 37 6 8 4 5 3 7 6 8 4 5 3 7 6 8 4 5 3 7 6 8 4 5 3 7 6 8 4 5 3 7 6 8 4 5 3 7 6 8 4 5 3 7 6 8 4 5 3 7 6 8 4  5 3 7 6 8 4 5 3 7 6 8 4 5 3 7 6 8 4 5 3 7 6 8 4 5 3 7 6 8 4 5 3 7 6 8 4 5 3 7 6 8 4 5 3 7 6 8 4 5 3 7 6 8 4 5 3 7 6 8 4 5 3 7 6 8 4 5 3 7 6 8 4 5 3 7 6 8 4 5 3 7 6 8 4 5 3 77 6 8 4 5 3 7 6 8 4 5 3 7 6 8 4 5 3 7 6 8 4 5 3 7 6 8 4 5 3 7 6 8 4 5 3 7 6 8 4 5 3 7 6 8 4 5 3 7 6 8 4 5 3 7 6 8 4 5 3 7 6 8 4 5 3 7 6 8 
