2 1 3 4 5 9 0  8 7 6 
2 1 3 4 5 9 0 8 7 6 
2 1 3 4 5 9 0 8 7 6 
2 1 3 4 5 9 0 8 7 6 
2 1 3 4 5 9 0 8 7 6 
2 1 3 4 5 9 0 8 7 6 
2 1 3 4 5 9 0 8 7 6 
2 1 3 4 5 9 0 8 7 6 
2 1 3 4 5 9 0 8 7 6 
2 1 3 4 5 9 0 8 7 6 
2 1 3 4 5 9 0 8 7 6 
2 1 3 4 5 9 0 8 7 6 
2 1 3 4 5 9 0 8 7 6 
2 1 3 4 5 9 0 8 7 6 
2 1 3 4 5 9 0 8 7 6 
2 1 3 4 5 9 0 8 7 6 
2 1 3 4 5 9 0 8 7 6 
2 1 3 4 5 9 0 8 7 6 
2 1 3 4 5 9 0 8 7 6 
2 1 3 4 5 9 0 8 7 6 
2 1 3 4 5 9 0 8 7 6 
2 1 3 4 5 9 0 8 7 6 
2 1 3 4 5 9 0 8 7 6 
2 1 3 4 5 9 0 8 7 6 
2 1 3 4 5 9 0 8 7 6 
2 1 3 4 5 9 0 8 7 6
2 1 3 4 5 9 0 8 7 6 
2 1 3 4 5 9 0 8 7 6 
2 1 3 4 5 9 0 8 7 6 
2 1 3 4 5 9 0 8 7 6 
2 1 3 4 5 9 0 8 7 6 
2 1 3 4 5 9 0 8 7 6 
2 1 3 4 5 9 0 8 7 6 
2 1 3 4 5 9 0 8 7 6 
2 1 3 4 5 9 0 8 7 6 
2 1 3 4 5 9 0 8 7 6 
2 1 3 4 5 9 0 8 7 6 
2 1 3 4 5 9 0 8 7 6 
2 1 3 4 5 9 0 8 7 6 
2 1 3 4 5 9 0 8 7 6 
2 1 3 4 5 9 0 8 7 6 
2 1 3 4 5 9 0 8 7 6 
2 1 3 4 5 9 0 8 7 6 
